(kicad_pcb (version 20171130) (host pcbnew 5.0.2-bee76a0~70~ubuntu18.04.1)

  (general
    (thickness 1.6)
    (drawings 18)
    (tracks 319)
    (zones 0)
    (modules 61)
    (nets 66)
  )

  (page A4)
  (layers
    (0 F.Cu signal)
    (31 B.Cu signal)
    (32 B.Adhes user)
    (33 F.Adhes user)
    (34 B.Paste user)
    (35 F.Paste user)
    (36 B.SilkS user)
    (37 F.SilkS user)
    (38 B.Mask user)
    (39 F.Mask user)
    (40 Dwgs.User user)
    (41 Cmts.User user)
    (42 Eco1.User user)
    (43 Eco2.User user)
    (44 Edge.Cuts user)
    (45 Margin user)
    (46 B.CrtYd user)
    (47 F.CrtYd user)
    (48 B.Fab user hide)
    (49 F.Fab user hide)
  )

  (setup
    (last_trace_width 0.25)
    (user_trace_width 0.5)
    (user_trace_width 1)
    (user_trace_width 2)
    (trace_clearance 0.2)
    (zone_clearance 0.508)
    (zone_45_only no)
    (trace_min 0.2)
    (segment_width 0.2)
    (edge_width 0.15)
    (via_size 0.8)
    (via_drill 0.4)
    (via_min_size 0.4)
    (via_min_drill 0.3)
    (uvia_size 0.3)
    (uvia_drill 0.1)
    (uvias_allowed no)
    (uvia_min_size 0.2)
    (uvia_min_drill 0.1)
    (pcb_text_width 0.3)
    (pcb_text_size 1.5 1.5)
    (mod_edge_width 0.15)
    (mod_text_size 1 1)
    (mod_text_width 0.15)
    (pad_size 1.524 1.524)
    (pad_drill 0.762)
    (pad_to_mask_clearance 0.2)
    (solder_mask_min_width 0.25)
    (aux_axis_origin 0 0)
    (visible_elements 7FFFFF7F)
    (pcbplotparams
      (layerselection 0x010f0_ffffffff)
      (usegerberextensions true)
      (usegerberattributes false)
      (usegerberadvancedattributes false)
      (creategerberjobfile false)
      (excludeedgelayer true)
      (linewidth 0.100000)
      (plotframeref false)
      (viasonmask false)
      (mode 1)
      (useauxorigin false)
      (hpglpennumber 1)
      (hpglpenspeed 20)
      (hpglpendiameter 15.000000)
      (psnegative false)
      (psa4output false)
      (plotreference true)
      (plotvalue true)
      (plotinvisibletext false)
      (padsonsilk false)
      (subtractmaskfromsilk false)
      (outputformat 1)
      (mirror false)
      (drillshape 0)
      (scaleselection 1)
      (outputdirectory "../../../../../gerbers/neopixel/"))
  )

  (net 0 "")
  (net 1 GND)
  (net 2 "Net-(C2-Pad1)")
  (net 3 "Net-(C1-Pad1)")
  (net 4 "Net-(C4-Pad1)")
  (net 5 /Buf_input)
  (net 6 +5V)
  (net 7 "Net-(C9-Pad1)")
  (net 8 "Net-(R2-Pad2)")
  (net 9 "Net-(D2-Pad1)")
  (net 10 "Net-(A1-Pad6)")
  (net 11 "Net-(C6-Pad1)")
  (net 12 "Net-(R4-Pad1)")
  (net 13 "Net-(C5-Pad1)")
  (net 14 "Net-(C7-Pad2)")
  (net 15 "Net-(C8-Pad1)")
  (net 16 /Neopixel)
  (net 17 -12V)
  (net 18 +12V)
  (net 19 "Net-(D4-Pad2)")
  (net 20 "Net-(D6-Pad2)")
  (net 21 "Net-(D5-Pad2)")
  (net 22 "Net-(A1-Pad1)")
  (net 23 "Net-(A1-Pad17)")
  (net 24 "Net-(A1-Pad2)")
  (net 25 "Net-(A1-Pad18)")
  (net 26 "Net-(A1-Pad3)")
  (net 27 "Net-(A1-Pad22)")
  (net 28 "Net-(A1-Pad7)")
  (net 29 "Net-(A1-Pad23)")
  (net 30 "Net-(A1-Pad8)")
  (net 31 "Net-(A1-Pad24)")
  (net 32 "Net-(A1-Pad9)")
  (net 33 "Net-(A1-Pad25)")
  (net 34 "Net-(A1-Pad10)")
  (net 35 "Net-(A1-Pad26)")
  (net 36 "Net-(A1-Pad11)")
  (net 37 "Net-(A1-Pad12)")
  (net 38 "Net-(A1-Pad28)")
  (net 39 "Net-(A1-Pad13)")
  (net 40 "Net-(A1-Pad14)")
  (net 41 "Net-(A1-Pad30)")
  (net 42 "Net-(A1-Pad15)")
  (net 43 "Net-(A1-Pad16)")
  (net 44 /Input_R)
  (net 45 /Input_L)
  (net 46 "Net-(F1-Pad2)")
  (net 47 "Net-(J7-Pad1)")
  (net 48 "Net-(J6-Pad1)")
  (net 49 "Net-(R2-Pad1)")
  (net 50 "Net-(R3-Pad2)")
  (net 51 /Low)
  (net 52 /Mid)
  (net 53 /High)
  (net 54 "Net-(C1-Pad2)")
  (net 55 "Net-(C2-Pad2)")
  (net 56 "Net-(J8-Pad1)")
  (net 57 "Net-(J9-Pad1)")
  (net 58 "Net-(J2-PadR2)")
  (net 59 "Net-(J1-PadR2)")
  (net 60 "Net-(C5-Pad2)")
  (net 61 "Net-(C6-Pad2)")
  (net 62 "Net-(C4-Pad2)")
  (net 63 /Clipping)
  (net 64 "Net-(U3-Pad13)")
  (net 65 "Net-(U1-Pad13)")

  (net_class Default "This is the default net class."
    (clearance 0.2)
    (trace_width 0.25)
    (via_dia 0.8)
    (via_drill 0.4)
    (uvia_dia 0.3)
    (uvia_drill 0.1)
    (add_net +12V)
    (add_net +5V)
    (add_net -12V)
    (add_net /Buf_input)
    (add_net /Clipping)
    (add_net /High)
    (add_net /Input_L)
    (add_net /Input_R)
    (add_net /Low)
    (add_net /Mid)
    (add_net /Neopixel)
    (add_net GND)
    (add_net "Net-(A1-Pad1)")
    (add_net "Net-(A1-Pad10)")
    (add_net "Net-(A1-Pad11)")
    (add_net "Net-(A1-Pad12)")
    (add_net "Net-(A1-Pad13)")
    (add_net "Net-(A1-Pad14)")
    (add_net "Net-(A1-Pad15)")
    (add_net "Net-(A1-Pad16)")
    (add_net "Net-(A1-Pad17)")
    (add_net "Net-(A1-Pad18)")
    (add_net "Net-(A1-Pad2)")
    (add_net "Net-(A1-Pad22)")
    (add_net "Net-(A1-Pad23)")
    (add_net "Net-(A1-Pad24)")
    (add_net "Net-(A1-Pad25)")
    (add_net "Net-(A1-Pad26)")
    (add_net "Net-(A1-Pad28)")
    (add_net "Net-(A1-Pad3)")
    (add_net "Net-(A1-Pad30)")
    (add_net "Net-(A1-Pad6)")
    (add_net "Net-(A1-Pad7)")
    (add_net "Net-(A1-Pad8)")
    (add_net "Net-(A1-Pad9)")
    (add_net "Net-(C1-Pad1)")
    (add_net "Net-(C1-Pad2)")
    (add_net "Net-(C2-Pad1)")
    (add_net "Net-(C2-Pad2)")
    (add_net "Net-(C4-Pad1)")
    (add_net "Net-(C4-Pad2)")
    (add_net "Net-(C5-Pad1)")
    (add_net "Net-(C5-Pad2)")
    (add_net "Net-(C6-Pad1)")
    (add_net "Net-(C6-Pad2)")
    (add_net "Net-(C7-Pad2)")
    (add_net "Net-(C8-Pad1)")
    (add_net "Net-(C9-Pad1)")
    (add_net "Net-(D2-Pad1)")
    (add_net "Net-(D4-Pad2)")
    (add_net "Net-(D5-Pad2)")
    (add_net "Net-(D6-Pad2)")
    (add_net "Net-(F1-Pad2)")
    (add_net "Net-(J1-PadR2)")
    (add_net "Net-(J2-PadR2)")
    (add_net "Net-(J6-Pad1)")
    (add_net "Net-(J7-Pad1)")
    (add_net "Net-(J8-Pad1)")
    (add_net "Net-(J9-Pad1)")
    (add_net "Net-(R2-Pad1)")
    (add_net "Net-(R2-Pad2)")
    (add_net "Net-(R3-Pad2)")
    (add_net "Net-(R4-Pad1)")
    (add_net "Net-(U1-Pad13)")
    (add_net "Net-(U3-Pad13)")
  )

  (module Footprints:TMAxxxxD (layer F.Cu) (tedit 5C51A8B0) (tstamp 5C521803)
    (at 125.984 30.607 180)
    (path /5C4B4FE3)
    (fp_text reference U2 (at 0.8255 -6.477 180) (layer F.SilkS)
      (effects (font (size 1 1) (thickness 0.15)))
    )
    (fp_text value TMA0512D (at 9.525 -2.54 180) (layer F.Fab)
      (effects (font (size 1 1) (thickness 0.15)))
    )
    (fp_line (start 11.43 0) (end 19.685 0) (layer F.SilkS) (width 0.15))
    (fp_line (start 19.685 0) (end 19.685 -5.715) (layer F.SilkS) (width 0.15))
    (fp_line (start 19.685 -5.715) (end 11.43 -5.715) (layer F.SilkS) (width 0.15))
    (fp_line (start 0 -5.715) (end 0 0) (layer F.SilkS) (width 0.15))
    (fp_line (start 0 -5.715) (end 11.43 -5.715) (layer F.SilkS) (width 0.15))
    (fp_line (start 11.43 0) (end 0 0) (layer F.SilkS) (width 0.15))
    (pad 1 thru_hole circle (at 2.54 -4.445 180) (size 1.8 1.8) (drill 1) (layers *.Cu *.Mask)
      (net 6 +5V))
    (pad 2 thru_hole circle (at 5.08 -4.445 180) (size 1.8 1.8) (drill 1) (layers *.Cu *.Mask)
      (net 1 GND))
    (pad 4 thru_hole circle (at 10.16 -4.445 180) (size 1.8 1.8) (drill 1) (layers *.Cu *.Mask)
      (net 17 -12V))
    (pad 5 thru_hole circle (at 12.7 -4.445 180) (size 1.8 1.8) (drill 1) (layers *.Cu *.Mask)
      (net 1 GND))
    (pad 6 thru_hole circle (at 15.24 -4.445 180) (size 1.8 1.8) (drill 1) (layers *.Cu *.Mask)
      (net 18 +12V))
  )

  (module Resistor_SMD:R_0805_2012Metric (layer F.Cu) (tedit 5B36C52B) (tstamp 5C51BAD7)
    (at 63.5 57.023 180)
    (descr "Resistor SMD 0805 (2012 Metric), square (rectangular) end terminal, IPC_7351 nominal, (Body size source: https://docs.google.com/spreadsheets/d/1BsfQQcO9C6DZCsRaXUlFlo91Tg2WpOkGARC1WS5S8t0/edit?usp=sharing), generated with kicad-footprint-generator")
    (tags resistor)
    (path /5C5862DE)
    (attr smd)
    (fp_text reference R21 (at 3.048 -0.127) (layer F.SilkS)
      (effects (font (size 1 1) (thickness 0.15)))
    )
    (fp_text value 100K (at 0 1.65 180) (layer F.Fab)
      (effects (font (size 1 1) (thickness 0.15)))
    )
    (fp_text user %R (at 0 0 180) (layer F.Fab)
      (effects (font (size 0.5 0.5) (thickness 0.08)))
    )
    (fp_line (start 1.68 0.95) (end -1.68 0.95) (layer F.CrtYd) (width 0.05))
    (fp_line (start 1.68 -0.95) (end 1.68 0.95) (layer F.CrtYd) (width 0.05))
    (fp_line (start -1.68 -0.95) (end 1.68 -0.95) (layer F.CrtYd) (width 0.05))
    (fp_line (start -1.68 0.95) (end -1.68 -0.95) (layer F.CrtYd) (width 0.05))
    (fp_line (start -0.258578 0.71) (end 0.258578 0.71) (layer F.SilkS) (width 0.12))
    (fp_line (start -0.258578 -0.71) (end 0.258578 -0.71) (layer F.SilkS) (width 0.12))
    (fp_line (start 1 0.6) (end -1 0.6) (layer F.Fab) (width 0.1))
    (fp_line (start 1 -0.6) (end 1 0.6) (layer F.Fab) (width 0.1))
    (fp_line (start -1 -0.6) (end 1 -0.6) (layer F.Fab) (width 0.1))
    (fp_line (start -1 0.6) (end -1 -0.6) (layer F.Fab) (width 0.1))
    (pad 2 smd roundrect (at 0.9375 0 180) (size 0.975 1.4) (layers F.Cu F.Paste F.Mask) (roundrect_rratio 0.25)
      (net 5 /Buf_input))
    (pad 1 smd roundrect (at -0.9375 0 180) (size 0.975 1.4) (layers F.Cu F.Paste F.Mask) (roundrect_rratio 0.25)
      (net 62 "Net-(C4-Pad2)"))
    (model ${KISYS3DMOD}/Resistor_SMD.3dshapes/R_0805_2012Metric.wrl
      (at (xyz 0 0 0))
      (scale (xyz 1 1 1))
      (rotate (xyz 0 0 0))
    )
  )

  (module Resistor_SMD:R_0805_2012Metric (layer F.Cu) (tedit 5B36C52B) (tstamp 5C51BAC6)
    (at 64.389 59.69 90)
    (descr "Resistor SMD 0805 (2012 Metric), square (rectangular) end terminal, IPC_7351 nominal, (Body size source: https://docs.google.com/spreadsheets/d/1BsfQQcO9C6DZCsRaXUlFlo91Tg2WpOkGARC1WS5S8t0/edit?usp=sharing), generated with kicad-footprint-generator")
    (tags resistor)
    (path /5C5862E4)
    (attr smd)
    (fp_text reference R22 (at 0 -2.54 180) (layer F.SilkS)
      (effects (font (size 1 1) (thickness 0.15)))
    )
    (fp_text value 250K (at 0 1.65 90) (layer F.Fab)
      (effects (font (size 1 1) (thickness 0.15)))
    )
    (fp_line (start -1 0.6) (end -1 -0.6) (layer F.Fab) (width 0.1))
    (fp_line (start -1 -0.6) (end 1 -0.6) (layer F.Fab) (width 0.1))
    (fp_line (start 1 -0.6) (end 1 0.6) (layer F.Fab) (width 0.1))
    (fp_line (start 1 0.6) (end -1 0.6) (layer F.Fab) (width 0.1))
    (fp_line (start -0.258578 -0.71) (end 0.258578 -0.71) (layer F.SilkS) (width 0.12))
    (fp_line (start -0.258578 0.71) (end 0.258578 0.71) (layer F.SilkS) (width 0.12))
    (fp_line (start -1.68 0.95) (end -1.68 -0.95) (layer F.CrtYd) (width 0.05))
    (fp_line (start -1.68 -0.95) (end 1.68 -0.95) (layer F.CrtYd) (width 0.05))
    (fp_line (start 1.68 -0.95) (end 1.68 0.95) (layer F.CrtYd) (width 0.05))
    (fp_line (start 1.68 0.95) (end -1.68 0.95) (layer F.CrtYd) (width 0.05))
    (fp_text user %R (at 0 0 90) (layer F.Fab)
      (effects (font (size 0.5 0.5) (thickness 0.08)))
    )
    (pad 1 smd roundrect (at -0.9375 0 90) (size 0.975 1.4) (layers F.Cu F.Paste F.Mask) (roundrect_rratio 0.25)
      (net 1 GND))
    (pad 2 smd roundrect (at 0.9375 0 90) (size 0.975 1.4) (layers F.Cu F.Paste F.Mask) (roundrect_rratio 0.25)
      (net 62 "Net-(C4-Pad2)"))
    (model ${KISYS3DMOD}/Resistor_SMD.3dshapes/R_0805_2012Metric.wrl
      (at (xyz 0 0 0))
      (scale (xyz 1 1 1))
      (rotate (xyz 0 0 0))
    )
  )

  (module Resistor_SMD:R_0805_2012Metric (layer F.Cu) (tedit 5B36C52B) (tstamp 5C51BAB5)
    (at 64.4525 65.024 90)
    (descr "Resistor SMD 0805 (2012 Metric), square (rectangular) end terminal, IPC_7351 nominal, (Body size source: https://docs.google.com/spreadsheets/d/1BsfQQcO9C6DZCsRaXUlFlo91Tg2WpOkGARC1WS5S8t0/edit?usp=sharing), generated with kicad-footprint-generator")
    (tags resistor)
    (path /5C53A2EA)
    (attr smd)
    (fp_text reference R24 (at 0 -2.3495 180) (layer F.SilkS)
      (effects (font (size 1 1) (thickness 0.15)))
    )
    (fp_text value 169K (at 0 1.65 90) (layer F.Fab)
      (effects (font (size 1 1) (thickness 0.15)))
    )
    (fp_text user %R (at 0 0 90) (layer F.Fab)
      (effects (font (size 0.5 0.5) (thickness 0.08)))
    )
    (fp_line (start 1.68 0.95) (end -1.68 0.95) (layer F.CrtYd) (width 0.05))
    (fp_line (start 1.68 -0.95) (end 1.68 0.95) (layer F.CrtYd) (width 0.05))
    (fp_line (start -1.68 -0.95) (end 1.68 -0.95) (layer F.CrtYd) (width 0.05))
    (fp_line (start -1.68 0.95) (end -1.68 -0.95) (layer F.CrtYd) (width 0.05))
    (fp_line (start -0.258578 0.71) (end 0.258578 0.71) (layer F.SilkS) (width 0.12))
    (fp_line (start -0.258578 -0.71) (end 0.258578 -0.71) (layer F.SilkS) (width 0.12))
    (fp_line (start 1 0.6) (end -1 0.6) (layer F.Fab) (width 0.1))
    (fp_line (start 1 -0.6) (end 1 0.6) (layer F.Fab) (width 0.1))
    (fp_line (start -1 -0.6) (end 1 -0.6) (layer F.Fab) (width 0.1))
    (fp_line (start -1 0.6) (end -1 -0.6) (layer F.Fab) (width 0.1))
    (pad 2 smd roundrect (at 0.9375 0 90) (size 0.975 1.4) (layers F.Cu F.Paste F.Mask) (roundrect_rratio 0.25)
      (net 60 "Net-(C5-Pad2)"))
    (pad 1 smd roundrect (at -0.9375 0 90) (size 0.975 1.4) (layers F.Cu F.Paste F.Mask) (roundrect_rratio 0.25)
      (net 1 GND))
    (model ${KISYS3DMOD}/Resistor_SMD.3dshapes/R_0805_2012Metric.wrl
      (at (xyz 0 0 0))
      (scale (xyz 1 1 1))
      (rotate (xyz 0 0 0))
    )
  )

  (module Resistor_SMD:R_0805_2012Metric (layer F.Cu) (tedit 5B36C52B) (tstamp 5C51D2DA)
    (at 63.5 67.945 180)
    (descr "Resistor SMD 0805 (2012 Metric), square (rectangular) end terminal, IPC_7351 nominal, (Body size source: https://docs.google.com/spreadsheets/d/1BsfQQcO9C6DZCsRaXUlFlo91Tg2WpOkGARC1WS5S8t0/edit?usp=sharing), generated with kicad-footprint-generator")
    (tags resistor)
    (path /5C4F25BC)
    (attr smd)
    (fp_text reference R25 (at 3.302 0) (layer F.SilkS)
      (effects (font (size 1 1) (thickness 0.15)))
    )
    (fp_text value 0R (at 0 1.65 180) (layer F.Fab)
      (effects (font (size 1 1) (thickness 0.15)))
    )
    (fp_line (start -1 0.6) (end -1 -0.6) (layer F.Fab) (width 0.1))
    (fp_line (start -1 -0.6) (end 1 -0.6) (layer F.Fab) (width 0.1))
    (fp_line (start 1 -0.6) (end 1 0.6) (layer F.Fab) (width 0.1))
    (fp_line (start 1 0.6) (end -1 0.6) (layer F.Fab) (width 0.1))
    (fp_line (start -0.258578 -0.71) (end 0.258578 -0.71) (layer F.SilkS) (width 0.12))
    (fp_line (start -0.258578 0.71) (end 0.258578 0.71) (layer F.SilkS) (width 0.12))
    (fp_line (start -1.68 0.95) (end -1.68 -0.95) (layer F.CrtYd) (width 0.05))
    (fp_line (start -1.68 -0.95) (end 1.68 -0.95) (layer F.CrtYd) (width 0.05))
    (fp_line (start 1.68 -0.95) (end 1.68 0.95) (layer F.CrtYd) (width 0.05))
    (fp_line (start 1.68 0.95) (end -1.68 0.95) (layer F.CrtYd) (width 0.05))
    (fp_text user %R (at 0 0 180) (layer F.Fab)
      (effects (font (size 0.5 0.5) (thickness 0.08)))
    )
    (pad 1 smd roundrect (at -0.9375 0 180) (size 0.975 1.4) (layers F.Cu F.Paste F.Mask) (roundrect_rratio 0.25)
      (net 61 "Net-(C6-Pad2)"))
    (pad 2 smd roundrect (at 0.9375 0 180) (size 0.975 1.4) (layers F.Cu F.Paste F.Mask) (roundrect_rratio 0.25)
      (net 5 /Buf_input))
    (model ${KISYS3DMOD}/Resistor_SMD.3dshapes/R_0805_2012Metric.wrl
      (at (xyz 0 0 0))
      (scale (xyz 1 1 1))
      (rotate (xyz 0 0 0))
    )
  )

  (module Resistor_SMD:R_0805_2012Metric (layer F.Cu) (tedit 5B36C52B) (tstamp 5C51BA93)
    (at 64.4525 70.612 90)
    (descr "Resistor SMD 0805 (2012 Metric), square (rectangular) end terminal, IPC_7351 nominal, (Body size source: https://docs.google.com/spreadsheets/d/1BsfQQcO9C6DZCsRaXUlFlo91Tg2WpOkGARC1WS5S8t0/edit?usp=sharing), generated with kicad-footprint-generator")
    (tags resistor)
    (path /5C4F25C3)
    (attr smd)
    (fp_text reference R26 (at 0 -2.413 180) (layer F.SilkS)
      (effects (font (size 1 1) (thickness 0.15)))
    )
    (fp_text value NF (at 0 1.65 90) (layer F.Fab)
      (effects (font (size 1 1) (thickness 0.15)))
    )
    (fp_text user %R (at 0 0 90) (layer F.Fab)
      (effects (font (size 0.5 0.5) (thickness 0.08)))
    )
    (fp_line (start 1.68 0.95) (end -1.68 0.95) (layer F.CrtYd) (width 0.05))
    (fp_line (start 1.68 -0.95) (end 1.68 0.95) (layer F.CrtYd) (width 0.05))
    (fp_line (start -1.68 -0.95) (end 1.68 -0.95) (layer F.CrtYd) (width 0.05))
    (fp_line (start -1.68 0.95) (end -1.68 -0.95) (layer F.CrtYd) (width 0.05))
    (fp_line (start -0.258578 0.71) (end 0.258578 0.71) (layer F.SilkS) (width 0.12))
    (fp_line (start -0.258578 -0.71) (end 0.258578 -0.71) (layer F.SilkS) (width 0.12))
    (fp_line (start 1 0.6) (end -1 0.6) (layer F.Fab) (width 0.1))
    (fp_line (start 1 -0.6) (end 1 0.6) (layer F.Fab) (width 0.1))
    (fp_line (start -1 -0.6) (end 1 -0.6) (layer F.Fab) (width 0.1))
    (fp_line (start -1 0.6) (end -1 -0.6) (layer F.Fab) (width 0.1))
    (pad 2 smd roundrect (at 0.9375 0 90) (size 0.975 1.4) (layers F.Cu F.Paste F.Mask) (roundrect_rratio 0.25)
      (net 61 "Net-(C6-Pad2)"))
    (pad 1 smd roundrect (at -0.9375 0 90) (size 0.975 1.4) (layers F.Cu F.Paste F.Mask) (roundrect_rratio 0.25)
      (net 1 GND))
    (model ${KISYS3DMOD}/Resistor_SMD.3dshapes/R_0805_2012Metric.wrl
      (at (xyz 0 0 0))
      (scale (xyz 1 1 1))
      (rotate (xyz 0 0 0))
    )
  )

  (module Resistor_SMD:R_0805_2012Metric (layer F.Cu) (tedit 5B36C52B) (tstamp 5C51BA42)
    (at 63.5 62.357 180)
    (descr "Resistor SMD 0805 (2012 Metric), square (rectangular) end terminal, IPC_7351 nominal, (Body size source: https://docs.google.com/spreadsheets/d/1BsfQQcO9C6DZCsRaXUlFlo91Tg2WpOkGARC1WS5S8t0/edit?usp=sharing), generated with kicad-footprint-generator")
    (tags resistor)
    (path /5C53A2E4)
    (attr smd)
    (fp_text reference R23 (at 3.302 0.0635) (layer F.SilkS)
      (effects (font (size 1 1) (thickness 0.15)))
    )
    (fp_text value 100K (at 0 1.65 180) (layer F.Fab)
      (effects (font (size 1 1) (thickness 0.15)))
    )
    (fp_line (start -1 0.6) (end -1 -0.6) (layer F.Fab) (width 0.1))
    (fp_line (start -1 -0.6) (end 1 -0.6) (layer F.Fab) (width 0.1))
    (fp_line (start 1 -0.6) (end 1 0.6) (layer F.Fab) (width 0.1))
    (fp_line (start 1 0.6) (end -1 0.6) (layer F.Fab) (width 0.1))
    (fp_line (start -0.258578 -0.71) (end 0.258578 -0.71) (layer F.SilkS) (width 0.12))
    (fp_line (start -0.258578 0.71) (end 0.258578 0.71) (layer F.SilkS) (width 0.12))
    (fp_line (start -1.68 0.95) (end -1.68 -0.95) (layer F.CrtYd) (width 0.05))
    (fp_line (start -1.68 -0.95) (end 1.68 -0.95) (layer F.CrtYd) (width 0.05))
    (fp_line (start 1.68 -0.95) (end 1.68 0.95) (layer F.CrtYd) (width 0.05))
    (fp_line (start 1.68 0.95) (end -1.68 0.95) (layer F.CrtYd) (width 0.05))
    (fp_text user %R (at 0 0 180) (layer F.Fab)
      (effects (font (size 0.5 0.5) (thickness 0.08)))
    )
    (pad 1 smd roundrect (at -0.9375 0 180) (size 0.975 1.4) (layers F.Cu F.Paste F.Mask) (roundrect_rratio 0.25)
      (net 60 "Net-(C5-Pad2)"))
    (pad 2 smd roundrect (at 0.9375 0 180) (size 0.975 1.4) (layers F.Cu F.Paste F.Mask) (roundrect_rratio 0.25)
      (net 5 /Buf_input))
    (model ${KISYS3DMOD}/Resistor_SMD.3dshapes/R_0805_2012Metric.wrl
      (at (xyz 0 0 0))
      (scale (xyz 1 1 1))
      (rotate (xyz 0 0 0))
    )
  )

  (module Connector_Audio:Jack_3.5mm_PJ320D_Horizontal (layer F.Cu) (tedit 5BF5E15D) (tstamp 5C48FBA5)
    (at 49.276 35.56 270)
    (descr "Headphones with microphone connector, 3.5mm, 4 pins (http://www.qingpu-electronics.com/en/products/WQP-PJ320D-72.html)")
    (tags "3.5mm jack mic microphone phones headphones 4pins audio plug")
    (path /5C4A06F4)
    (attr smd)
    (fp_text reference J1 (at 6.604 -2.54) (layer F.SilkS)
      (effects (font (size 1 1) (thickness 0.15)))
    )
    (fp_text value AudioJack4 (at -0.025 6.35 270) (layer F.Fab)
      (effects (font (size 1 1) (thickness 0.15)))
    )
    (fp_circle (center 3.9 -2.35) (end 3.95 -2.1) (layer F.Fab) (width 0.12))
    (fp_line (start -6.375 2.5) (end -8.375 2.5) (layer F.SilkS) (width 0.12))
    (fp_line (start -6.375 -2.5) (end -8.375 -2.5) (layer F.SilkS) (width 0.12))
    (fp_line (start -8.375 -2.5) (end -8.375 2.5) (layer F.SilkS) (width 0.12))
    (fp_line (start -6.375 2.5) (end -6.375 3.1) (layer F.SilkS) (width 0.12))
    (fp_line (start -6.375 -3.1) (end -6.375 -2.5) (layer F.SilkS) (width 0.12))
    (fp_line (start -8.73 -5) (end 6.07 -5) (layer F.CrtYd) (width 0.05))
    (fp_line (start -8.73 5) (end 6.07 5) (layer F.CrtYd) (width 0.05))
    (fp_line (start 5.725 3.1) (end 5.725 -3.1) (layer F.SilkS) (width 0.12))
    (fp_line (start -8.73 5) (end -8.73 -5) (layer F.CrtYd) (width 0.05))
    (fp_line (start 6.07 5) (end 6.07 -5) (layer F.CrtYd) (width 0.05))
    (fp_line (start -6.375 -3.1) (end -4 -3.1) (layer F.SilkS) (width 0.12))
    (fp_line (start -2.35 -3.1) (end -1 -3.1) (layer F.SilkS) (width 0.12))
    (fp_line (start 0.65 -3.1) (end 3.05 -3.1) (layer F.SilkS) (width 0.12))
    (fp_line (start 4.6 -3.1) (end 5.725 -3.1) (layer F.SilkS) (width 0.12))
    (fp_line (start 4.15 3.1) (end -6.375 3.1) (layer F.SilkS) (width 0.12))
    (fp_line (start 5.575 -2.9) (end 5.575 2.9) (layer F.Fab) (width 0.1))
    (fp_line (start -6.225 -2.9) (end 5.575 -2.9) (layer F.Fab) (width 0.1))
    (fp_line (start -6.225 -2.3) (end -6.225 -2.9) (layer F.Fab) (width 0.1))
    (fp_line (start -8.225 -2.3) (end -6.225 -2.3) (layer F.Fab) (width 0.1))
    (fp_line (start -8.225 2.3) (end -8.225 -2.3) (layer F.Fab) (width 0.1))
    (fp_line (start -6.225 2.3) (end -8.225 2.3) (layer F.Fab) (width 0.1))
    (fp_line (start -6.225 2.9) (end -6.225 2.3) (layer F.Fab) (width 0.1))
    (fp_line (start 5.575 2.9) (end -6.225 2.9) (layer F.Fab) (width 0.1))
    (fp_line (start 4.6 -3.1) (end 4.6 -4.5) (layer F.SilkS) (width 0.12))
    (fp_line (start 3.05 -3.1) (end 3.05 -4.5) (layer F.SilkS) (width 0.12))
    (fp_text user %R (at -1.195 0 270) (layer F.Fab)
      (effects (font (size 1 1) (thickness 0.15)))
    )
    (pad "" np_thru_hole circle (at 2.225 0 270) (size 1.5 1.5) (drill 1.5) (layers *.Cu *.Mask))
    (pad "" np_thru_hole circle (at -4.775 0 270) (size 1.5 1.5) (drill 1.5) (layers *.Cu *.Mask))
    (pad S smd rect (at -3.175 -3.25 270) (size 1.2 2.5) (layers F.Cu F.Paste F.Mask)
      (net 1 GND))
    (pad R1 smd rect (at -0.175 -3.25 270) (size 1.2 2.5) (layers F.Cu F.Paste F.Mask)
      (net 45 /Input_L))
    (pad T smd rect (at 3.825 -3.25 270) (size 1.2 2.5) (layers F.Cu F.Paste F.Mask)
      (net 44 /Input_R))
    (pad R2 smd rect (at 4.925 3.25 270) (size 1.2 2.5) (layers F.Cu F.Paste F.Mask)
      (net 59 "Net-(J1-PadR2)"))
    (model ${KISYS3DMOD}/Connector_Audio.3dshapes/Jack_3.5mm_PJ320D_Horizontal.wrl
      (at (xyz 0 0 0))
      (scale (xyz 1 1 1))
      (rotate (xyz 0 0 0))
    )
  )

  (module Connector_Audio:Jack_3.5mm_PJ320D_Horizontal (layer F.Cu) (tedit 5BF5E15D) (tstamp 5C48FB81)
    (at 59.436 35.56 270)
    (descr "Headphones with microphone connector, 3.5mm, 4 pins (http://www.qingpu-electronics.com/en/products/WQP-PJ320D-72.html)")
    (tags "3.5mm jack mic microphone phones headphones 4pins audio plug")
    (path /5C4A1B28)
    (attr smd)
    (fp_text reference J2 (at 6.604 -2.032) (layer F.SilkS)
      (effects (font (size 1 1) (thickness 0.15)))
    )
    (fp_text value AudioJack4 (at -0.025 6.35 270) (layer F.Fab)
      (effects (font (size 1 1) (thickness 0.15)))
    )
    (fp_text user %R (at -1.195 0 270) (layer F.Fab)
      (effects (font (size 1 1) (thickness 0.15)))
    )
    (fp_line (start 3.05 -3.1) (end 3.05 -4.5) (layer F.SilkS) (width 0.12))
    (fp_line (start 4.6 -3.1) (end 4.6 -4.5) (layer F.SilkS) (width 0.12))
    (fp_line (start 5.575 2.9) (end -6.225 2.9) (layer F.Fab) (width 0.1))
    (fp_line (start -6.225 2.9) (end -6.225 2.3) (layer F.Fab) (width 0.1))
    (fp_line (start -6.225 2.3) (end -8.225 2.3) (layer F.Fab) (width 0.1))
    (fp_line (start -8.225 2.3) (end -8.225 -2.3) (layer F.Fab) (width 0.1))
    (fp_line (start -8.225 -2.3) (end -6.225 -2.3) (layer F.Fab) (width 0.1))
    (fp_line (start -6.225 -2.3) (end -6.225 -2.9) (layer F.Fab) (width 0.1))
    (fp_line (start -6.225 -2.9) (end 5.575 -2.9) (layer F.Fab) (width 0.1))
    (fp_line (start 5.575 -2.9) (end 5.575 2.9) (layer F.Fab) (width 0.1))
    (fp_line (start 4.15 3.1) (end -6.375 3.1) (layer F.SilkS) (width 0.12))
    (fp_line (start 4.6 -3.1) (end 5.725 -3.1) (layer F.SilkS) (width 0.12))
    (fp_line (start 0.65 -3.1) (end 3.05 -3.1) (layer F.SilkS) (width 0.12))
    (fp_line (start -2.35 -3.1) (end -1 -3.1) (layer F.SilkS) (width 0.12))
    (fp_line (start -6.375 -3.1) (end -4 -3.1) (layer F.SilkS) (width 0.12))
    (fp_line (start 6.07 5) (end 6.07 -5) (layer F.CrtYd) (width 0.05))
    (fp_line (start -8.73 5) (end -8.73 -5) (layer F.CrtYd) (width 0.05))
    (fp_line (start 5.725 3.1) (end 5.725 -3.1) (layer F.SilkS) (width 0.12))
    (fp_line (start -8.73 5) (end 6.07 5) (layer F.CrtYd) (width 0.05))
    (fp_line (start -8.73 -5) (end 6.07 -5) (layer F.CrtYd) (width 0.05))
    (fp_line (start -6.375 -3.1) (end -6.375 -2.5) (layer F.SilkS) (width 0.12))
    (fp_line (start -6.375 2.5) (end -6.375 3.1) (layer F.SilkS) (width 0.12))
    (fp_line (start -8.375 -2.5) (end -8.375 2.5) (layer F.SilkS) (width 0.12))
    (fp_line (start -6.375 -2.5) (end -8.375 -2.5) (layer F.SilkS) (width 0.12))
    (fp_line (start -6.375 2.5) (end -8.375 2.5) (layer F.SilkS) (width 0.12))
    (fp_circle (center 3.9 -2.35) (end 3.95 -2.1) (layer F.Fab) (width 0.12))
    (pad R2 smd rect (at 4.925 3.25 270) (size 1.2 2.5) (layers F.Cu F.Paste F.Mask)
      (net 58 "Net-(J2-PadR2)"))
    (pad T smd rect (at 3.825 -3.25 270) (size 1.2 2.5) (layers F.Cu F.Paste F.Mask)
      (net 44 /Input_R))
    (pad R1 smd rect (at -0.175 -3.25 270) (size 1.2 2.5) (layers F.Cu F.Paste F.Mask)
      (net 45 /Input_L))
    (pad S smd rect (at -3.175 -3.25 270) (size 1.2 2.5) (layers F.Cu F.Paste F.Mask)
      (net 1 GND))
    (pad "" np_thru_hole circle (at -4.775 0 270) (size 1.5 1.5) (drill 1.5) (layers *.Cu *.Mask))
    (pad "" np_thru_hole circle (at 2.225 0 270) (size 1.5 1.5) (drill 1.5) (layers *.Cu *.Mask))
    (model ${KISYS3DMOD}/Connector_Audio.3dshapes/Jack_3.5mm_PJ320D_Horizontal.wrl
      (at (xyz 0 0 0))
      (scale (xyz 1 1 1))
      (rotate (xyz 0 0 0))
    )
  )

  (module Diode_SMD:D_SOD-123 (layer F.Cu) (tedit 58645DC7) (tstamp 5BF9FC47)
    (at 70.104 46.99 180)
    (descr SOD-123)
    (tags SOD-123)
    (path /5C0D090A)
    (attr smd)
    (fp_text reference D10 (at 0 1.778) (layer F.SilkS)
      (effects (font (size 1 1) (thickness 0.15)))
    )
    (fp_text value 1N5819 (at 0 2.1 180) (layer F.Fab)
      (effects (font (size 1 1) (thickness 0.15)))
    )
    (fp_line (start -2.25 -1) (end 1.65 -1) (layer F.SilkS) (width 0.12))
    (fp_line (start -2.25 1) (end 1.65 1) (layer F.SilkS) (width 0.12))
    (fp_line (start -2.35 -1.15) (end -2.35 1.15) (layer F.CrtYd) (width 0.05))
    (fp_line (start 2.35 1.15) (end -2.35 1.15) (layer F.CrtYd) (width 0.05))
    (fp_line (start 2.35 -1.15) (end 2.35 1.15) (layer F.CrtYd) (width 0.05))
    (fp_line (start -2.35 -1.15) (end 2.35 -1.15) (layer F.CrtYd) (width 0.05))
    (fp_line (start -1.4 -0.9) (end 1.4 -0.9) (layer F.Fab) (width 0.1))
    (fp_line (start 1.4 -0.9) (end 1.4 0.9) (layer F.Fab) (width 0.1))
    (fp_line (start 1.4 0.9) (end -1.4 0.9) (layer F.Fab) (width 0.1))
    (fp_line (start -1.4 0.9) (end -1.4 -0.9) (layer F.Fab) (width 0.1))
    (fp_line (start -0.75 0) (end -0.35 0) (layer F.Fab) (width 0.1))
    (fp_line (start -0.35 0) (end -0.35 -0.55) (layer F.Fab) (width 0.1))
    (fp_line (start -0.35 0) (end -0.35 0.55) (layer F.Fab) (width 0.1))
    (fp_line (start -0.35 0) (end 0.25 -0.4) (layer F.Fab) (width 0.1))
    (fp_line (start 0.25 -0.4) (end 0.25 0.4) (layer F.Fab) (width 0.1))
    (fp_line (start 0.25 0.4) (end -0.35 0) (layer F.Fab) (width 0.1))
    (fp_line (start 0.25 0) (end 0.75 0) (layer F.Fab) (width 0.1))
    (fp_line (start -2.25 -1) (end -2.25 1) (layer F.SilkS) (width 0.12))
    (fp_text user %R (at 0 -2 180) (layer F.Fab)
      (effects (font (size 1 1) (thickness 0.15)))
    )
    (pad 2 smd rect (at 1.65 0 180) (size 0.9 1.2) (layers F.Cu F.Paste F.Mask)
      (net 1 GND))
    (pad 1 smd rect (at -1.65 0 180) (size 0.9 1.2) (layers F.Cu F.Paste F.Mask)
      (net 6 +5V))
    (model ${KISYS3DMOD}/Diode_SMD.3dshapes/D_SOD-123.wrl
      (at (xyz 0 0 0))
      (scale (xyz 1 1 1))
      (rotate (xyz 0 0 0))
    )
  )

  (module Capacitor_SMD:C_0805_2012Metric (layer F.Cu) (tedit 5B36C52B) (tstamp 5C3E3346)
    (at 51.816 60.452)
    (descr "Capacitor SMD 0805 (2012 Metric), square (rectangular) end terminal, IPC_7351 nominal, (Body size source: https://docs.google.com/spreadsheets/d/1BsfQQcO9C6DZCsRaXUlFlo91Tg2WpOkGARC1WS5S8t0/edit?usp=sharing), generated with kicad-footprint-generator")
    (tags capacitor)
    (path /5C3EC2A0)
    (attr smd)
    (fp_text reference C14 (at -3.1115 0) (layer F.SilkS)
      (effects (font (size 1 1) (thickness 0.15)))
    )
    (fp_text value 100n (at 0 1.65) (layer F.Fab)
      (effects (font (size 1 1) (thickness 0.15)))
    )
    (fp_line (start -1 0.6) (end -1 -0.6) (layer F.Fab) (width 0.1))
    (fp_line (start -1 -0.6) (end 1 -0.6) (layer F.Fab) (width 0.1))
    (fp_line (start 1 -0.6) (end 1 0.6) (layer F.Fab) (width 0.1))
    (fp_line (start 1 0.6) (end -1 0.6) (layer F.Fab) (width 0.1))
    (fp_line (start -0.258578 -0.71) (end 0.258578 -0.71) (layer F.SilkS) (width 0.12))
    (fp_line (start -0.258578 0.71) (end 0.258578 0.71) (layer F.SilkS) (width 0.12))
    (fp_line (start -1.68 0.95) (end -1.68 -0.95) (layer F.CrtYd) (width 0.05))
    (fp_line (start -1.68 -0.95) (end 1.68 -0.95) (layer F.CrtYd) (width 0.05))
    (fp_line (start 1.68 -0.95) (end 1.68 0.95) (layer F.CrtYd) (width 0.05))
    (fp_line (start 1.68 0.95) (end -1.68 0.95) (layer F.CrtYd) (width 0.05))
    (fp_text user %R (at 0 0) (layer F.Fab)
      (effects (font (size 0.5 0.5) (thickness 0.08)))
    )
    (pad 1 smd roundrect (at -0.9375 0) (size 0.975 1.4) (layers F.Cu F.Paste F.Mask) (roundrect_rratio 0.25)
      (net 17 -12V))
    (pad 2 smd roundrect (at 0.9375 0) (size 0.975 1.4) (layers F.Cu F.Paste F.Mask) (roundrect_rratio 0.25)
      (net 1 GND))
    (model ${KISYS3DMOD}/Capacitor_SMD.3dshapes/C_0805_2012Metric.wrl
      (at (xyz 0 0 0))
      (scale (xyz 1 1 1))
      (rotate (xyz 0 0 0))
    )
  )

  (module Connector_Phoenix_MSTB:PhoenixContact_MSTBA_2,5_2-G_1x02_P5.00mm_Horizontal (layer F.Cu) (tedit 5A00FA1D) (tstamp 5C3DF224)
    (at 101.854 42.418 180)
    (descr "Generic Phoenix Contact connector footprint for: MSTBA_2,5/2-G; number of pins: 02; pin pitch: 5.00mm; Angled || order number: 1757475 12A || order number: 1923759 16A (HC)")
    (tags "phoenix_contact connector MSTBA_01x02_G_5.00mm")
    (path /5C04F848)
    (fp_text reference J5 (at 3.5 -3 180) (layer F.SilkS)
      (effects (font (size 1 1) (thickness 0.15)))
    )
    (fp_text value KF2EDGK (at 2.5 11 180) (layer F.Fab)
      (effects (font (size 1 1) (thickness 0.15)))
    )
    (fp_line (start -3.58 -2.08) (end -3.58 10.08) (layer F.SilkS) (width 0.12))
    (fp_line (start -3.58 10.08) (end 8.58 10.08) (layer F.SilkS) (width 0.12))
    (fp_line (start 8.58 10.08) (end 8.58 -2.08) (layer F.SilkS) (width 0.12))
    (fp_line (start 8.58 -2.08) (end -3.58 -2.08) (layer F.SilkS) (width 0.12))
    (fp_line (start -3.5 -2) (end -3.5 10) (layer F.Fab) (width 0.1))
    (fp_line (start -3.5 10) (end 8.5 10) (layer F.Fab) (width 0.1))
    (fp_line (start 8.5 10) (end 8.5 -2) (layer F.Fab) (width 0.1))
    (fp_line (start 8.5 -2) (end -3.5 -2) (layer F.Fab) (width 0.1))
    (fp_line (start -3.58 8.58) (end -3.58 6.78) (layer F.SilkS) (width 0.12))
    (fp_line (start -3.58 6.78) (end 8.58 6.78) (layer F.SilkS) (width 0.12))
    (fp_line (start 8.58 6.78) (end 8.58 8.58) (layer F.SilkS) (width 0.12))
    (fp_line (start 8.58 8.58) (end -3.58 8.58) (layer F.SilkS) (width 0.12))
    (fp_line (start -1 10.08) (end 1 10.08) (layer F.SilkS) (width 0.12))
    (fp_line (start 1 10.08) (end 0.75 8.58) (layer F.SilkS) (width 0.12))
    (fp_line (start 0.75 8.58) (end -0.75 8.58) (layer F.SilkS) (width 0.12))
    (fp_line (start -0.75 8.58) (end -1 10.08) (layer F.SilkS) (width 0.12))
    (fp_line (start 4 10.08) (end 6 10.08) (layer F.SilkS) (width 0.12))
    (fp_line (start 6 10.08) (end 5.75 8.58) (layer F.SilkS) (width 0.12))
    (fp_line (start 5.75 8.58) (end 4.25 8.58) (layer F.SilkS) (width 0.12))
    (fp_line (start 4.25 8.58) (end 4 10.08) (layer F.SilkS) (width 0.12))
    (fp_line (start -4 -2.5) (end -4 10.5) (layer F.CrtYd) (width 0.05))
    (fp_line (start -4 10.5) (end 9 10.5) (layer F.CrtYd) (width 0.05))
    (fp_line (start 9 10.5) (end 9 -2.5) (layer F.CrtYd) (width 0.05))
    (fp_line (start 9 -2.5) (end -4 -2.5) (layer F.CrtYd) (width 0.05))
    (fp_line (start 0.3 -2.88) (end 0 -2.28) (layer F.SilkS) (width 0.12))
    (fp_line (start 0 -2.28) (end -0.3 -2.88) (layer F.SilkS) (width 0.12))
    (fp_line (start -0.3 -2.88) (end 0.3 -2.88) (layer F.SilkS) (width 0.12))
    (fp_line (start 0.95 -2) (end 0 -0.5) (layer F.Fab) (width 0.1))
    (fp_line (start 0 -0.5) (end -0.95 -2) (layer F.Fab) (width 0.1))
    (fp_text user %R (at 3.5 3 180) (layer F.Fab)
      (effects (font (size 1 1) (thickness 0.15)))
    )
    (pad 1 thru_hole rect (at 0 0 180) (size 2 3.6) (drill 1.4) (layers *.Cu *.Mask)
      (net 1 GND))
    (pad 2 thru_hole oval (at 5 0 180) (size 2 3.6) (drill 1.4) (layers *.Cu *.Mask)
      (net 46 "Net-(F1-Pad2)"))
    (model ${KISYS3DMOD}/Connector_Phoenix_MSTB.3dshapes/PhoenixContact_MSTBA_2,5_2-G_1x02_P5.00mm_Horizontal.wrl
      (at (xyz 0 0 0))
      (scale (xyz 1 1 1))
      (rotate (xyz 0 0 0))
    )
  )

  (module Connector_Phoenix_MSTB:PhoenixContact_MSTBA_2,5_3-G-5,08_1x03_P5.08mm_Horizontal (layer F.Cu) (tedit 5A00FA1E) (tstamp 5C3DF1FC)
    (at 88.392 42.418 180)
    (descr "Generic Phoenix Contact connector footprint for: MSTBA_2,5/3-G-5,08; number of pins: 03; pin pitch: 5.08mm; Angled || order number: 1757255 12A || order number: 1923872 16A (HC)")
    (tags "phoenix_contact connector MSTBA_01x03_G_5.08mm")
    (path /5BF7454B)
    (fp_text reference J4 (at 15.24 -2.032 180) (layer F.SilkS)
      (effects (font (size 1 1) (thickness 0.15)))
    )
    (fp_text value KF2EDGK (at 5.08 11 180) (layer F.Fab)
      (effects (font (size 1 1) (thickness 0.15)))
    )
    (fp_line (start -3.62 -2.08) (end -3.62 10.08) (layer F.SilkS) (width 0.12))
    (fp_line (start -3.62 10.08) (end 13.78 10.08) (layer F.SilkS) (width 0.12))
    (fp_line (start 13.78 10.08) (end 13.78 -2.08) (layer F.SilkS) (width 0.12))
    (fp_line (start 13.78 -2.08) (end -3.62 -2.08) (layer F.SilkS) (width 0.12))
    (fp_line (start -3.54 -2) (end -3.54 10) (layer F.Fab) (width 0.1))
    (fp_line (start -3.54 10) (end 13.7 10) (layer F.Fab) (width 0.1))
    (fp_line (start 13.7 10) (end 13.7 -2) (layer F.Fab) (width 0.1))
    (fp_line (start 13.7 -2) (end -3.54 -2) (layer F.Fab) (width 0.1))
    (fp_line (start -3.62 8.58) (end -3.62 6.78) (layer F.SilkS) (width 0.12))
    (fp_line (start -3.62 6.78) (end 13.78 6.78) (layer F.SilkS) (width 0.12))
    (fp_line (start 13.78 6.78) (end 13.78 8.58) (layer F.SilkS) (width 0.12))
    (fp_line (start 13.78 8.58) (end -3.62 8.58) (layer F.SilkS) (width 0.12))
    (fp_line (start -1 10.08) (end 1 10.08) (layer F.SilkS) (width 0.12))
    (fp_line (start 1 10.08) (end 0.75 8.58) (layer F.SilkS) (width 0.12))
    (fp_line (start 0.75 8.58) (end -0.75 8.58) (layer F.SilkS) (width 0.12))
    (fp_line (start -0.75 8.58) (end -1 10.08) (layer F.SilkS) (width 0.12))
    (fp_line (start 4.08 10.08) (end 6.08 10.08) (layer F.SilkS) (width 0.12))
    (fp_line (start 6.08 10.08) (end 5.83 8.58) (layer F.SilkS) (width 0.12))
    (fp_line (start 5.83 8.58) (end 4.33 8.58) (layer F.SilkS) (width 0.12))
    (fp_line (start 4.33 8.58) (end 4.08 10.08) (layer F.SilkS) (width 0.12))
    (fp_line (start 9.16 10.08) (end 11.16 10.08) (layer F.SilkS) (width 0.12))
    (fp_line (start 11.16 10.08) (end 10.91 8.58) (layer F.SilkS) (width 0.12))
    (fp_line (start 10.91 8.58) (end 9.41 8.58) (layer F.SilkS) (width 0.12))
    (fp_line (start 9.41 8.58) (end 9.16 10.08) (layer F.SilkS) (width 0.12))
    (fp_line (start -4.04 -2.5) (end -4.04 10.5) (layer F.CrtYd) (width 0.05))
    (fp_line (start -4.04 10.5) (end 14.2 10.5) (layer F.CrtYd) (width 0.05))
    (fp_line (start 14.2 10.5) (end 14.2 -2.5) (layer F.CrtYd) (width 0.05))
    (fp_line (start 14.2 -2.5) (end -4.04 -2.5) (layer F.CrtYd) (width 0.05))
    (fp_line (start 0.3 -2.88) (end 0 -2.28) (layer F.SilkS) (width 0.12))
    (fp_line (start 0 -2.28) (end -0.3 -2.88) (layer F.SilkS) (width 0.12))
    (fp_line (start -0.3 -2.88) (end 0.3 -2.88) (layer F.SilkS) (width 0.12))
    (fp_line (start 0.95 -2) (end 0 -0.5) (layer F.Fab) (width 0.1))
    (fp_line (start 0 -0.5) (end -0.95 -2) (layer F.Fab) (width 0.1))
    (fp_text user %R (at 5.08 3 180) (layer F.Fab)
      (effects (font (size 1 1) (thickness 0.15)))
    )
    (pad 1 thru_hole rect (at 0 0 180) (size 2.08 3.6) (drill 1.4) (layers *.Cu *.Mask)
      (net 6 +5V))
    (pad 2 thru_hole oval (at 5.08 0 180) (size 2.08 3.6) (drill 1.4) (layers *.Cu *.Mask)
      (net 16 /Neopixel))
    (pad 3 thru_hole oval (at 10.16 0 180) (size 2.08 3.6) (drill 1.4) (layers *.Cu *.Mask)
      (net 1 GND))
    (model ${KISYS3DMOD}/Connector_Phoenix_MSTB.3dshapes/PhoenixContact_MSTBA_2,5_3-G-5,08_1x03_P5.08mm_Horizontal.wrl
      (at (xyz 0 0 0))
      (scale (xyz 1 1 1))
      (rotate (xyz 0 0 0))
    )
  )

  (module MountingHole:MountingHole_3.2mm_M3 (layer F.Cu) (tedit 5C3DE831) (tstamp 5C3DEF63)
    (at 130 81)
    (descr "Mounting Hole 3.2mm, no annular, M3")
    (tags "mounting hole 3.2mm no annular m3")
    (path /5C6038C5)
    (attr virtual)
    (fp_text reference J9 (at 0 -4.2) (layer F.SilkS) hide
      (effects (font (size 1 1) (thickness 0.15)))
    )
    (fp_text value Conn_01x01_Female (at 0 4.2) (layer F.Fab)
      (effects (font (size 1 1) (thickness 0.15)))
    )
    (fp_text user %R (at 0.3 0) (layer F.Fab)
      (effects (font (size 1 1) (thickness 0.15)))
    )
    (fp_circle (center 0 0) (end 3.2 0) (layer Cmts.User) (width 0.15))
    (fp_circle (center 0 0) (end 3.45 0) (layer F.CrtYd) (width 0.05))
    (pad 1 np_thru_hole circle (at 0 0) (size 3.2 3.2) (drill 3.2) (layers *.Cu *.Mask)
      (net 57 "Net-(J9-Pad1)"))
  )

  (module TerminalBlock_Phoenix:TerminalBlock_Phoenix_MPT-0,5-3-2.54_1x03_P2.54mm_Horizontal (layer F.Cu) (tedit 5B294F98) (tstamp 5C3DEC23)
    (at 71.628 37.338 180)
    (descr "Terminal Block Phoenix MPT-0,5-3-2.54, 3 pins, pitch 2.54mm, size 8.08x6.2mm^2, drill diamater 1.1mm, pad diameter 2.2mm, see http://www.mouser.com/ds/2/324/ItemDetail_1725656-920552.pdf, script-generated using https://github.com/pointhi/kicad-footprint-generator/scripts/TerminalBlock_Phoenix")
    (tags "THT Terminal Block Phoenix MPT-0,5-3-2.54 pitch 2.54mm size 8.08x6.2mm^2 drill 1.1mm pad 2.2mm")
    (path /5C48F6A4)
    (fp_text reference J3 (at 2.54 -4.16 180) (layer F.SilkS)
      (effects (font (size 1 1) (thickness 0.15)))
    )
    (fp_text value KF2EDGK (at 2.54 4.16 180) (layer F.Fab)
      (effects (font (size 1 1) (thickness 0.15)))
    )
    (fp_circle (center 0 0) (end 1.1 0) (layer F.Fab) (width 0.1))
    (fp_circle (center 2.54 0) (end 3.64 0) (layer F.Fab) (width 0.1))
    (fp_circle (center 5.08 0) (end 6.18 0) (layer F.Fab) (width 0.1))
    (fp_line (start -1.5 -3.1) (end 6.58 -3.1) (layer F.Fab) (width 0.1))
    (fp_line (start 6.58 -3.1) (end 6.58 3.1) (layer F.Fab) (width 0.1))
    (fp_line (start 6.58 3.1) (end -1 3.1) (layer F.Fab) (width 0.1))
    (fp_line (start -1 3.1) (end -1.5 2.6) (layer F.Fab) (width 0.1))
    (fp_line (start -1.5 2.6) (end -1.5 -3.1) (layer F.Fab) (width 0.1))
    (fp_line (start -1.5 2.6) (end 6.58 2.6) (layer F.Fab) (width 0.1))
    (fp_line (start -1.56 2.6) (end -0.79 2.6) (layer F.SilkS) (width 0.12))
