(kicad_pcb (version 20171130) (host pcbnew "(5.0.0)")

  (general
    (thickness 1.6)
    (drawings 21)
    (tracks 306)
    (zones 0)
    (modules 63)
    (nets 63)
  )

  (page A4)
  (layers
    (0 F.Cu signal)
    (31 B.Cu signal)
    (32 B.Adhes user)
    (33 F.Adhes user)
    (34 B.Paste user)
    (35 F.Paste user)
    (36 B.SilkS user)
    (37 F.SilkS user)
    (38 B.Mask user)
    (39 F.Mask user)
    (40 Dwgs.User user)
    (41 Cmts.User user)
    (42 Eco1.User user)
    (43 Eco2.User user)
    (44 Edge.Cuts user)
    (45 Margin user)
    (46 B.CrtYd user)
    (47 F.CrtYd user)
    (48 B.Fab user hide)
    (49 F.Fab user hide)
  )

  (setup
    (last_trace_width 0.25)
    (user_trace_width 0.5)
    (user_trace_width 1)
    (trace_clearance 0.2)
    (zone_clearance 0.508)
    (zone_45_only no)
    (trace_min 0.2)
    (segment_width 0.2)
    (edge_width 0.15)
    (via_size 0.8)
    (via_drill 0.4)
    (via_min_size 0.4)
    (via_min_drill 0.3)
    (uvia_size 0.3)
    (uvia_drill 0.1)
    (uvias_allowed no)
    (uvia_min_size 0.2)
    (uvia_min_drill 0.1)
    (pcb_text_width 0.3)
    (pcb_text_size 1.5 1.5)
    (mod_edge_width 0.15)
    (mod_text_size 1 1)
    (mod_text_width 0.15)
    (pad_size 1.524 1.524)
    (pad_drill 0.762)
    (pad_to_mask_clearance 0.2)
    (aux_axis_origin 0 0)
    (visible_elements 7FFFFF7F)
    (pcbplotparams
      (layerselection 0x010f0_ffffffff)
      (usegerberextensions true)
      (usegerberattributes false)
      (usegerberadvancedattributes false)
      (creategerberjobfile false)
      (excludeedgelayer true)
      (linewidth 0.100000)
      (plotframeref false)
      (viasonmask false)
      (mode 1)
      (useauxorigin false)
      (hpglpennumber 1)
      (hpglpenspeed 20)
      (hpglpendiameter 15.000000)
      (psnegative false)
      (psa4output false)
      (plotreference true)
      (plotvalue true)
      (plotinvisibletext false)
      (padsonsilk false)
      (subtractmaskfromsilk false)
      (outputformat 1)
      (mirror false)
      (drillshape 0)
      (scaleselection 1)
      (outputdirectory "Gerbers/"))
  )

  (net 0 "")
  (net 1 /Low_out)
  (net 2 GND)
  (net 3 "Net-(C2-Pad1)")
  (net 4 "Net-(C1-Pad1)")
  (net 5 "Net-(C4-Pad1)")
  (net 6 /Buf_input)
  (net 7 /High_out)
  (net 8 /Mid_out)
  (net 9 "Net-(D2-Pad2)")
  (net 10 +5V)
  (net 11 "Net-(D1-Pad2)")
  (net 12 "Net-(C9-Pad1)")
  (net 13 "Net-(R2-Pad2)")
  (net 14 "Net-(D2-Pad1)")
  (net 15 "Net-(A1-Pad6)")
  (net 16 "Net-(C6-Pad1)")
  (net 17 "Net-(R4-Pad1)")
  (net 18 "Net-(C3-Pad1)")
  (net 19 "Net-(C5-Pad1)")
  (net 20 "Net-(C7-Pad2)")
  (net 21 "Net-(C8-Pad1)")
  (net 22 /Neopixel)
  (net 23 "Net-(A1-Pad5)")
  (net 24 -12V)
  (net 25 +12V)
  (net 26 "Net-(D4-Pad2)")
  (net 27 "Net-(D6-Pad2)")
  (net 28 "Net-(D5-Pad2)")
  (net 29 "Net-(A1-Pad1)")
  (net 30 "Net-(A1-Pad17)")
  (net 31 "Net-(A1-Pad2)")
  (net 32 "Net-(A1-Pad18)")
  (net 33 "Net-(A1-Pad3)")
  (net 34 "Net-(A1-Pad22)")
  (net 35 "Net-(A1-Pad7)")
  (net 36 "Net-(A1-Pad23)")
  (net 37 "Net-(A1-Pad8)")
  (net 38 "Net-(A1-Pad24)")
  (net 39 "Net-(A1-Pad9)")
  (net 40 "Net-(A1-Pad25)")
  (net 41 "Net-(A1-Pad10)")
  (net 42 "Net-(A1-Pad26)")
  (net 43 "Net-(A1-Pad11)")
  (net 44 "Net-(A1-Pad12)")
  (net 45 "Net-(A1-Pad28)")
  (net 46 "Net-(A1-Pad13)")
  (net 47 "Net-(A1-Pad14)")
  (net 48 "Net-(A1-Pad30)")
  (net 49 "Net-(A1-Pad15)")
  (net 50 "Net-(A1-Pad16)")
  (net 51 /Input_R)
  (net 52 /Input_L)
  (net 53 "Net-(F1-Pad2)")
  (net 54 "Net-(C20-Pad1)")
  (net 55 "Net-(J7-Pad1)")
  (net 56 "Net-(J6-Pad1)")
  (net 57 "Net-(J5-Pad1)")
  (net 58 "Net-(J2-Pad1)")
  (net 59 "Net-(R2-Pad1)")
  (net 60 "Net-(R3-Pad2)")
  (net 61 /Passthru_R)
  (net 62 /Passthru_L)

  (net_class Default "This is the default net class."
    (clearance 0.2)
    (trace_width 0.25)
    (via_dia 0.8)
    (via_drill 0.4)
    (uvia_dia 0.3)
    (uvia_drill 0.1)
    (add_net +12V)
    (add_net +5V)
    (add_net -12V)
    (add_net /Buf_input)
    (add_net /High_out)
    (add_net /Input_L)
    (add_net /Input_R)
    (add_net /Low_out)
    (add_net /Mid_out)
    (add_net /Neopixel)
    (add_net /Passthru_L)
    (add_net /Passthru_R)
    (add_net GND)
    (add_net "Net-(A1-Pad1)")
    (add_net "Net-(A1-Pad10)")
    (add_net "Net-(A1-Pad11)")
    (add_net "Net-(A1-Pad12)")
    (add_net "Net-(A1-Pad13)")
    (add_net "Net-(A1-Pad14)")
    (add_net "Net-(A1-Pad15)")
    (add_net "Net-(A1-Pad16)")
    (add_net "Net-(A1-Pad17)")
    (add_net "Net-(A1-Pad18)")
    (add_net "Net-(A1-Pad2)")
    (add_net "Net-(A1-Pad22)")
    (add_net "Net-(A1-Pad23)")
    (add_net "Net-(A1-Pad24)")
    (add_net "Net-(A1-Pad25)")
    (add_net "Net-(A1-Pad26)")
    (add_net "Net-(A1-Pad28)")
    (add_net "Net-(A1-Pad3)")
    (add_net "Net-(A1-Pad30)")
    (add_net "Net-(A1-Pad5)")
    (add_net "Net-(A1-Pad6)")
    (add_net "Net-(A1-Pad7)")
    (add_net "Net-(A1-Pad8)")
    (add_net "Net-(A1-Pad9)")
    (add_net "Net-(C1-Pad1)")
    (add_net "Net-(C2-Pad1)")
    (add_net "Net-(C20-Pad1)")
    (add_net "Net-(C3-Pad1)")
    (add_net "Net-(C4-Pad1)")
    (add_net "Net-(C5-Pad1)")
    (add_net "Net-(C6-Pad1)")
    (add_net "Net-(C7-Pad2)")
    (add_net "Net-(C8-Pad1)")
    (add_net "Net-(C9-Pad1)")
    (add_net "Net-(D1-Pad2)")
    (add_net "Net-(D2-Pad1)")
    (add_net "Net-(D2-Pad2)")
    (add_net "Net-(D4-Pad2)")
    (add_net "Net-(D5-Pad2)")
    (add_net "Net-(D6-Pad2)")
    (add_net "Net-(F1-Pad2)")
    (add_net "Net-(J2-Pad1)")
    (add_net "Net-(J5-Pad1)")
    (add_net "Net-(J6-Pad1)")
    (add_net "Net-(J7-Pad1)")
    (add_net "Net-(R2-Pad1)")
    (add_net "Net-(R2-Pad2)")
    (add_net "Net-(R3-Pad2)")
    (add_net "Net-(R4-Pad1)")
  )

  (module Footprints:5x20_holder (layer F.Cu) (tedit 5BED8471) (tstamp 5BFC0D76)
    (at 84.709 50.165)
    (path /5C0A076A)
    (fp_text reference F1 (at -12.065 3.937) (layer F.SilkS)
      (effects (font (size 1 1) (thickness 0.15)))
    )
    (fp_text value 176-9047 (at 1 0) (layer F.Fab)
      (effects (font (size 1 1) (thickness 0.15)))
    )
    (fp_line (start 12 -5) (end -11 -5) (layer F.SilkS) (width 0.15))
    (fp_line (start 12 5) (end -11 5) (layer F.SilkS) (width 0.15))
    (pad 1 thru_hole circle (at -10.5 0) (size 2.3 2.3) (drill 1.5) (layers *.Cu *.Mask)
      (net 10 +5V))
    (pad 2 thru_hole circle (at 12 0) (size 2.3 2.3) (drill 1.5) (layers *.Cu *.Mask)
      (net 53 "Net-(F1-Pad2)"))
  )

  (module TerminalBlock_Phoenix:TerminalBlock_Phoenix_MPT-0,5-6-2.54_1x06_P2.54mm_Horizontal (layer F.Cu) (tedit 5B294F99) (tstamp 5BFED98D)
    (at 67.31 37.338 180)
    (descr "Terminal Block Phoenix MPT-0,5-6-2.54, 6 pins, pitch 2.54mm, size 15.7x6.2mm^2, drill diamater 1.1mm, pad diameter 2.2mm, see http://www.mouser.com/ds/2/324/ItemDetail_1725672-916605.pdf, script-generated using https://github.com/pointhi/kicad-footprint-generator/scripts/TerminalBlock_Phoenix")
    (tags "THT Terminal Block Phoenix MPT-0,5-6-2.54 pitch 2.54mm size 15.7x6.2mm^2 drill 1.1mm pad 2.2mm")
    (path /5BDF4212)
    (fp_text reference J1 (at 6.35 -4.16 180) (layer F.SilkS)
      (effects (font (size 1 1) (thickness 0.15)))
    )
    (fp_text value "Phoenix MPT" (at 6.35 4.16 180) (layer F.Fab)
      (effects (font (size 1 1) (thickness 0.15)))
    )
    (fp_circle (center 0 0) (end 1.1 0) (layer F.Fab) (width 0.1))
    (fp_circle (center 2.54 0) (end 3.64 0) (layer F.Fab) (width 0.1))
    (fp_circle (center 5.08 0) (end 6.18 0) (layer F.Fab) (width 0.1))
    (fp_circle (center 7.62 0) (end 8.72 0) (layer F.Fab) (width 0.1))
    (fp_circle (center 10.16 0) (end 11.26 0) (layer F.Fab) (width 0.1))
    (fp_circle (center 12.7 0) (end 13.8 0) (layer F.Fab) (width 0.1))
    (fp_line (start -1.5 -3.1) (end 14.2 -3.1) (layer F.Fab) (width 0.1))
    (fp_line (start 14.2 -3.1) (end 14.2 3.1) (layer F.Fab) (width 0.1))
    (fp_line (start 14.2 3.1) (end -1 3.1) (layer F.Fab) (width 0.1))
    (fp_line (start -1 3.1) (end -1.5 2.6) (layer F.Fab) (width 0.1))
    (fp_line (start -1.5 2.6) (end -1.5 -3.1) (layer F.Fab) (width 0.1))
    (fp_line (start -1.5 2.6) (end 14.2 2.6) (layer F.Fab) (width 0.1))
    (fp_line (start -1.56 2.6) (end 14.26 2.6) (layer F.SilkS) (width 0.12))
    (fp_line (start -1.5 -2.7) (end 14.2 -2.7) (layer F.Fab) (width 0.1))
    (fp_line (start -1.56 -2.7) (end 14.26 -2.7) (layer F.SilkS) (width 0.12))
    (fp_line (start -1.56 -3.16) (end 14.26 -3.16) (layer F.SilkS) (width 0.12))
    (fp_line (start -1.56 3.16) (end 14.26 3.16) (layer F.SilkS) (width 0.12))
    (fp_line (start -1.56 -3.16) (end -1.56 3.16) (layer F.SilkS) (width 0.12))
    (fp_line (start 14.26 -3.16) (end 14.26 3.16) (layer F.SilkS) (width 0.12))
    (fp_line (start 0.835 -0.7) (end -0.701 0.835) (layer F.Fab) (width 0.1))
    (fp_line (start 0.701 -0.835) (end -0.835 0.7) (layer F.Fab) (width 0.1))
    (fp_line (start 3.375 -0.7) (end 1.84 0.835) (layer F.Fab) (width 0.1))
    (fp_line (start 3.241 -0.835) (end 1.706 0.7) (layer F.Fab) (width 0.1))
    (fp_line (start 5.915 -0.7) (end 4.38 0.835) (layer F.Fab) (width 0.1))
    (fp_line (start 5.781 -0.835) (end 4.246 0.7) (layer F.Fab) (width 0.1))
    (fp_line (start 8.455 -0.7) (end 6.92 0.835) (layer F.Fab) (width 0.1))
    (fp_line (start 8.321 -0.835) (end 6.786 0.7) (layer F.Fab) (width 0.1))
    (fp_line (start 10.995 -0.7) (end 9.46 0.835) (layer F.Fab) (width 0.1))
    (fp_line (start 10.861 -0.835) (end 9.326 0.7) (layer F.Fab) (width 0.1))
    (fp_line (start 13.535 -0.7) (end 12 0.835) (layer F.Fab) (width 0.1))
    (fp_line (start 13.401 -0.835) (end 11.866 0.7) (layer F.Fab) (width 0.1))
    (fp_line (start -1.8 2.66) (end -1.8 3.4) (layer F.SilkS) (width 0.12))
    (fp_line (start -1.8 3.4) (end -1.3 3.4) (layer F.SilkS) (width 0.12))
    (fp_line (start -2 -3.6) (end -2 3.6) (layer F.CrtYd) (width 0.05))
    (fp_line (start -2 3.6) (end 14.7 3.6) (layer F.CrtYd) (width 0.05))
    (fp_line (start 14.7 3.6) (end 14.7 -3.6) (layer F.CrtYd) (width 0.05))
    (fp_line (start 14.7 -3.6) (end -2 -3.6) (layer F.CrtYd) (width 0.05))
    (fp_text user %R (at 6.35 2 180) (layer F.Fab)
      (effects (font (size 1 1) (thickness 0.15)))
    )
    (pad 1 thru_hole rect (at 0 0 180) (size 2.2 2.2) (drill 1.1) (layers *.Cu *.Mask)
      (net 2 GND))
    (pad 2 thru_hole circle (at 2.54 0 180) (size 2.2 2.2) (drill 1.1) (layers *.Cu *.Mask)
      (net 52 /Input_L))
    (pad 3 thru_hole circle (at 5.08 0 180) (size 2.2 2.2) (drill 1.1) (layers *.Cu *.Mask)
      (net 51 /Input_R))
    (pad 4 thru_hole circle (at 7.62 0 180) (size 2.2 2.2) (drill 1.1) (layers *.Cu *.Mask)
      (net 2 GND))
    (pad 5 thru_hole circle (at 10.16 0 180) (size 2.2 2.2) (drill 1.1) (layers *.Cu *.Mask)
      (net 62 /Passthru_L))
    (pad 6 thru_hole circle (at 12.7 0 180) (size 2.2 2.2) (drill 1.1) (layers *.Cu *.Mask)
      (net 61 /Passthru_R))
    (model ${KISYS3DMOD}/TerminalBlock_Phoenix.3dshapes/TerminalBlock_Phoenix_MPT-0,5-6-2.54_1x06_P2.54mm_Horizontal.wrl
      (at (xyz 0 0 0))
      (scale (xyz 1 1 1))
      (rotate (xyz 0 0 0))
    )
  )

  (module LED_SMD:LED_0805_2012Metric (layer F.Cu) (tedit 5B36C52C) (tstamp 5BFE315D)
    (at 82.169 83.788)
    (descr "LED SMD 0805 (2012 Metric), square (rectangular) end terminal, IPC_7351 nominal, (Body size source: https://docs.google.com/spreadsheets/d/1BsfQQcO9C6DZCsRaXUlFlo91Tg2WpOkGARC1WS5S8t0/edit?usp=sharing), generated with kicad-footprint-generator")
    (tags diode)
    (path /5C098684)
    (attr smd)
    (fp_text reference D2 (at 0.127 -4.286) (layer F.SilkS)
      (effects (font (size 1 1) (thickness 0.15)))
    )
    (fp_text value Red (at 0 1.65) (layer F.Fab)
      (effects (font (size 1 1) (thickness 0.15)))
    )
    (fp_line (start 1 -0.6) (end -0.7 -0.6) (layer F.Fab) (width 0.1))
    (fp_line (start -0.7 -0.6) (end -1 -0.3) (layer F.Fab) (width 0.1))
    (fp_line (start -1 -0.3) (end -1 0.6) (layer F.Fab) (width 0.1))
    (fp_line (start -1 0.6) (end 1 0.6) (layer F.Fab) (width 0.1))
    (fp_line (start 1 0.6) (end 1 -0.6) (layer F.Fab) (width 0.1))
    (fp_line (start 1 -0.96) (end -1.685 -0.96) (layer F.SilkS) (width 0.12))
    (fp_line (start -1.685 -0.96) (end -1.685 0.96) (layer F.SilkS) (width 0.12))
    (fp_line (start -1.685 0.96) (end 1 0.96) (layer F.SilkS) (width 0.12))
    (fp_line (start -1.68 0.95) (end -1.68 -0.95) (layer F.CrtYd) (width 0.05))
    (fp_line (start -1.68 -0.95) (end 1.68 -0.95) (layer F.CrtYd) (width 0.05))
    (fp_line (start 1.68 -0.95) (end 1.68 0.95) (layer F.CrtYd) (width 0.05))
    (fp_line (start 1.68 0.95) (end -1.68 0.95) (layer F.CrtYd) (width 0.05))
    (fp_text user %R (at 0 0) (layer F.Fab)
      (effects (font (size 0.5 0.5) (thickness 0.08)))
    )
    (pad 1 smd roundrect (at -0.9375 0) (size 0.975 1.4) (layers F.Cu F.Paste F.Mask) (roundrect_rratio 0.25)
      (net 14 "Net-(D2-Pad1)"))
    (pad 2 smd roundrect (at 0.9375 0) (size 0.975 1.4) (layers F.Cu F.Paste F.Mask) (roundrect_rratio 0.25)
      (net 9 "Net-(D2-Pad2)"))
    (model ${KISYS3DMOD}/LED_SMD.3dshapes/LED_0805_2012Metric.wrl
      (at (xyz 0 0 0))
      (scale (xyz 1 1 1))
      (rotate (xyz 0 0 0))
    )
  )

  (module Connector_Phoenix_MSTB:PhoenixContact_MSTBA_2,5_2-G_1x02_P5.00mm_Horizontal (layer F.Cu) (tedit 5A00FA1D) (tstamp 5BFB10E5)
    (at 101.727 42.545 180)
    (descr "Generic Phoenix Contact connector footprint for: MSTBA_2,5/2-G; number of pins: 02; pin pitch: 5.00mm; Angled || order number: 1757475 12A || order number: 1923759 16A (HC)")
    (tags "phoenix_contact connector MSTBA_01x02_G_5.00mm")
    (path /5C04F848)
    (fp_text reference J4 (at -0.127 -3.937 180) (layer F.SilkS)
      (effects (font (size 1 1) (thickness 0.15)))
    )
    (fp_text value KF2EDGK (at 2.5 11 180) (layer F.Fab)
      (effects (font (size 1 1) (thickness 0.15)))
    )
    (fp_line (start -3.58 -2.08) (end -3.58 10.08) (layer F.SilkS) (width 0.12))
    (fp_line (start -3.58 10.08) (end 8.58 10.08) (layer F.SilkS) (width 0.12))
    (fp_line (start 8.58 10.08) (end 8.58 -2.08) (layer F.SilkS) (width 0.12))
    (fp_line (start 8.58 -2.08) (end -3.58 -2.08) (layer F.SilkS) (width 0.12))
    (fp_line (start -3.5 -2) (end -3.5 10) (layer F.Fab) (width 0.1))
    (fp_line (start -3.5 10) (end 8.5 10) (layer F.Fab) (width 0.1))
    (fp_line (start 8.5 10) (end 8.5 -2) (layer F.Fab) (width 0.1))
    (fp_line (start 8.5 -2) (end -3.5 -2) (layer F.Fab) (width 0.1))
    (fp_line (start -3.58 8.58) (end -3.58 6.78) (layer F.SilkS) (width 0.12))
    (fp_line (start -3.58 6.78) (end 8.58 6.78) (layer F.SilkS) (width 0.12))
    (fp_line (start 8.58 6.78) (end 8.58 8.58) (layer F.SilkS) (width 0.12))
    (fp_line (start 8.58 8.58) (end -3.58 8.58) (layer F.SilkS) (width 0.12))
    (fp_line (start -1 10.08) (end 1 10.08) (layer F.SilkS) (width 0.12))
    (fp_line (start 1 10.08) (end 0.75 8.58) (layer F.SilkS) (width 0.12))
    (fp_line (start 0.75 8.58) (end -0.75 8.58) (layer F.SilkS) (width 0.12))
    (fp_line (start -0.75 8.58) (end -1 10.08) (layer F.SilkS) (width 0.12))
    (fp_line (start 4 10.08) (end 6 10.08) (layer F.SilkS) (width 0.12))
    (fp_line (start 6 10.08) (end 5.75 8.58) (layer F.SilkS) (width 0.12))
    (fp_line (start 5.75 8.58) (end 4.25 8.58) (layer F.SilkS) (width 0.12))
    (fp_line (start 4.25 8.58) (end 4 10.08) (layer F.SilkS) (width 0.12))
    (fp_line (start -4 -2.5) (end -4 10.5) (layer F.CrtYd) (width 0.05))
    (fp_line (start -4 10.5) (end 9 10.5) (layer F.CrtYd) (width 0.05))
    (fp_line (start 9 10.5) (end 9 -2.5) (layer F.CrtYd) (width 0.05))
    (fp_line (start 9 -2.5) (end -4 -2.5) (layer F.CrtYd) (width 0.05))
    (fp_line (start 0.3 -2.88) (end 0 -2.28) (layer F.SilkS) (width 0.12))
    (fp_line (start 0 -2.28) (end -0.3 -2.88) (layer F.SilkS) (width 0.12))
    (fp_line (start -0.3 -2.88) (end 0.3 -2.88) (layer F.SilkS) (width 0.12))
    (fp_line (start 0.95 -2) (end 0 -0.5) (layer F.Fab) (width 0.1))
    (fp_line (start 0 -0.5) (end -0.95 -2) (layer F.Fab) (width 0.1))
    (fp_text user %R (at 3.5 3 180) (layer F.Fab)
      (effects (font (size 1 1) (thickness 0.15)))
    )
    (pad 1 thru_hole rect (at 0 0 180) (size 2 3.6) (drill 1.4) (layers *.Cu *.Mask)
      (net 2 GND))
    (pad 2 thru_hole oval (at 5 0 180) (size 2 3.6) (drill 1.4) (layers *.Cu *.Mask)
      (net 53 "Net-(F1-Pad2)"))
    (model ${KISYS3DMOD}/Connector_Phoenix_MSTB.3dshapes/PhoenixContact_MSTBA_2,5_2-G_1x02_P5.00mm_Horizontal.wrl
      (at (xyz 0 0 0))
      (scale (xyz 1 1 1))
      (rotate (xyz 0 0 0))
    )
  )

  (module Connector_Phoenix_MSTB:PhoenixContact_MSTBA_2,5_3-G-5,08_1x03_P5.08mm_Horizontal (layer F.Cu) (tedit 5A00FA1E) (tstamp 5BFB10BD)
    (at 88.392 42.545 180)
    (descr "Generic Phoenix Contact connector footprint for: MSTBA_2,5/3-G-5,08; number of pins: 03; pin pitch: 5.08mm; Angled || order number: 1757255 12A || order number: 1923872 16A (HC)")
    (tags "phoenix_contact connector MSTBA_01x03_G_5.08mm")
    (path /5BF7454B)
    (fp_text reference J3 (at 0 -4.191 180) (layer F.SilkS)
      (effects (font (size 1 1) (thickness 0.15)))
    )
    (fp_text value KF2EDGK (at 5.08 11 180) (layer F.Fab)
      (effects (font (size 1 1) (thickness 0.15)))
    )
    (fp_line (start -3.62 -2.08) (end -3.62 10.08) (layer F.SilkS) (width 0.12))
    (fp_line (start -3.62 10.08) (end 13.78 10.08) (layer F.SilkS) (width 0.12))
    (fp_line (start 13.78 10.08) (end 13.78 -2.08) (layer F.SilkS) (width 0.12))
    (fp_line (start 13.78 -2.08) (end -3.62 -2.08) (layer F.SilkS) (width 0.12))
    (fp_line (start -3.54 -2) (end -3.54 10) (layer F.Fab) (width 0.1))
    (fp_line (start -3.54 10) (end 13.7 10) (layer F.Fab) (width 0.1))
    (fp_line (start 13.7 10) (end 13.7 -2) (layer F.Fab) (width 0.1))
    (fp_line (start 13.7 -2) (end -3.54 -2) (layer F.Fab) (width 0.1))
    (fp_line (start -3.62 8.58) (end -3.62 6.78) (layer F.SilkS) (width 0.12))
    (fp_line (start -3.62 6.78) (end 13.78 6.78) (layer F.SilkS) (width 0.12))
    (fp_line (start 13.78 6.78) (end 13.78 8.58) (layer F.SilkS) (width 0.12))
    (fp_line (start 13.78 8.58) (end -3.62 8.58) (layer F.SilkS) (width 0.12))
    (fp_line (start -1 10.08) (end 1 10.08) (layer F.SilkS) (width 0.12))
    (fp_line (start 1 10.08) (end 0.75 8.58) (layer F.SilkS) (width 0.12))
    (fp_line (start 0.75 8.58) (end -0.75 8.58) (layer F.SilkS) (width 0.12))
    (fp_line (start -0.75 8.58) (end -1 10.08) (layer F.SilkS) (width 0.12))
    (fp_line (start 4.08 10.08) (end 6.08 10.08) (layer F.SilkS) (width 0.12))
    (fp_line (start 6.08 10.08) (end 5.83 8.58) (layer F.SilkS) (width 0.12))
    (fp_line (start 5.83 8.58) (end 4.33 8.58) (layer F.SilkS) (width 0.12))
    (fp_line (start 4.33 8.58) (end 4.08 10.08) (layer F.SilkS) (width 0.12))
    (fp_line (start 9.16 10.08) (end 11.16 10.08) (layer F.SilkS) (width 0.12))
    (fp_line (start 11.16 10.08) (end 10.91 8.58) (layer F.SilkS) (width 0.12))
    (fp_line (start 10.91 8.58) (end 9.41 8.58) (layer F.SilkS) (width 0.12))
    (fp_line (start 9.41 8.58) (end 9.16 10.08) (layer F.SilkS) (width 0.12))
    (fp_line (start -4.04 -2.5) (end -4.04 10.5) (layer F.CrtYd) (width 0.05))
    (fp_line (start -4.04 10.5) (end 14.2 10.5) (layer F.CrtYd) (width 0.05))
    (fp_line (start 14.2 10.5) (end 14.2 -2.5) (layer F.CrtYd) (width 0.05))
    (fp_line (start 14.2 -2.5) (end -4.04 -2.5) (layer F.CrtYd) (width 0.05))
    (fp_line (start 0.3 -2.88) (end 0 -2.28) (layer F.SilkS) (width 0.12))
    (fp_line (start 0 -2.28) (end -0.3 -2.88) (layer F.SilkS) (width 0.12))
    (fp_line (start -0.3 -2.88) (end 0.3 -2.88) (layer F.SilkS) (width 0.12))
    (fp_line (start 0.95 -2) (end 0 -0.5) (layer F.Fab) (width 0.1))
    (fp_line (start 0 -0.5) (end -0.95 -2) (layer F.Fab) (width 0.1))
    (fp_text user %R (at 5.08 3 180) (layer F.Fab)
      (effects (font (size 1 1) (thickness 0.15)))
    )
    (pad 1 thru_hole rect (at 0 0 180) (size 2.08 3.6) (drill 1.4) (layers *.Cu *.Mask)
      (net 2 GND))
    (pad 2 thru_hole oval (at 5.08 0 180) (size 2.08 3.6) (drill 1.4) (layers *.Cu *.Mask)
      (net 22 /Neopixel))
    (pad 3 thru_hole oval (at 10.16 0 180) (size 2.08 3.6) (drill 1.4) (layers *.Cu *.Mask)
      (net 10 +5V))
    (model ${KISYS3DMOD}/Connector_Phoenix_MSTB.3dshapes/PhoenixContact_MSTBA_2,5_3-G-5,08_1x03_P5.08mm_Horizontal.wrl
      (at (xyz 0 0 0))
      (scale (xyz 1 1 1))
      (rotate (xyz 0 0 0))
    )
  )

  (module Button_Switch_THT:SW_Tactile_SKHH_Angled (layer F.Cu) (tedit 5A02FE31) (tstamp 5BF9FF3B)
    (at 69.215 82.296 180)
    (descr "tactile switch 6mm ALPS SKHH right angle http://www.alps.com/prod/info/E/HTML/Tact/SnapIn/SKHH/SKHHLUA010.html")
    (tags "tactile switch 6mm ALPS SKHH right angle")
    (path /5BFB0D54)
    (fp_text reference SW1 (at 2.25 2.5 180) (layer F.SilkS)
      (effects (font (size 1 1) (thickness 0.15)))
    )
    (fp_text value SW_SPST (at 2.25 5.09 180) (layer F.Fab)
      (effects (font (size 1 1) (thickness 0.15)))
    )
    (fp_line (start 5.23 4.12) (end 5.23 3.77) (layer F.SilkS) (width 0.12))
    (fp_line (start 6.12 4.12) (end 5.23 4.12) (layer F.SilkS) (width 0.12))
    (fp_line (start 6.12 3.82) (end 6.12 4.12) (layer F.SilkS) (width 0.12))
    (fp_text user %R (at 2.25 -1.5 180) (layer F.Fab)
      (effects (font (size 1 1) (thickness 0.15)))
    )
    (fp_line (start 0.2 4.25) (end -2.6 4.25) (layer F.CrtYd) (width 0.05))
    (fp_line (start -2.6 4.25) (end -2.6 1.15) (layer F.CrtYd) (width 0.05))
    (fp_line (start -2.6 1.15) (end -1.75 1.15) (layer F.CrtYd) (width 0.05))
    (fp_line (start -1.75 1.15) (end -1.75 -2.8) (layer F.CrtYd) (width 0.05))
    (fp_line (start 4.4 4.25) (end 7.1 4.25) (layer F.CrtYd) (width 0.05))
    (fp_line (start 7.1 4.25) (end 7.1 1.1) (layer F.CrtYd) (width 0.05))
    (fp_line (start 7.1 1.1) (end 6.25 1.1) (layer F.CrtYd) (width 0.05))
    (fp_line (start 6.25 1.1) (end 6.25 -2.8) (layer F.CrtYd) (width 0.05))
    (fp_line (start 0.1 1.7) (end 4.4 1.7) (layer F.CrtYd) (width 0.05))
    (fp_line (start 6.25 -2.8) (end 4.15 -2.8) (layer F.CrtYd) (width 0.05))
    (fp_line (start 4.15 -2.8) (end 4.15 -6.1) (layer F.CrtYd) (width 0.05))
    (fp_line (start 4.15 -6.1) (end 0.35 -6.1) (layer F.CrtYd) (width 0.05))
    (fp_line (start 0.35 -6.1) (end 0.35 -2.8) (layer F.CrtYd) (width 0.05))
    (fp_line (start 0.35 -2.8) (end -1.75 -2.8) (layer F.CrtYd) (width 0.05))
    (fp_line (start 0.1 4.3) (end 0.1 1.7) (layer F.CrtYd) (width 0.05))
    (fp_line (start 4.4 1.7) (end 4.4 4.25) (layer F.CrtYd) (width 0.05))
    (fp_line (start 0.6 -5.85) (end 3.9 -5.85) (layer F.Fab) (width 0.1))
    (fp_line (start 6 -2.55) (end 6 4) (layer F.Fab) (width 0.1))
    (fp_line (start 6 4) (end 5.35 4) (layer F.Fab) (width 0.1))
    (fp_line (start -0.85 4) (end -1.5 4) (layer F.Fab) (width 0.1))
    (fp_line (start -1.5 4) (end -1.5 -2.55) (layer F.Fab) (width 0.1))
    (fp_line (start 5.35 1.45) (end -0.85 1.45) (layer F.Fab) (width 0.1))
    (fp_line (start 5.35 1.45) (end 5.35 4) (layer F.Fab) (width 0.1))
    (fp_line (start -0.85 1.45) (end -0.85 4) (layer F.Fab) (width 0.1))
    (fp_line (start 6 -2.55) (end -1.5 -2.55) (layer F.Fab) (width 0.1))
    (fp_line (start 0.6 -2.55) (end 0.6 -5.85) (layer F.Fab) (width 0.1))
    (fp_line (start 3.9 -2.55) (end 3.9 -5.85) (layer F.Fab) (width 0.1))
    (fp_line (start 6.12 1.18) (end 6.12 -2.67) (layer F.SilkS) (width 0.12))
    (fp_line (start 6.12 -2.67) (end -1.62 -2.67) (layer F.SilkS) (width 0.12))
    (fp_line (start -1.62 -2.67) (end -1.62 1.18) (layer F.SilkS) (width 0.12))
    (fp_line (start -0.24 1.57) (end 4.74 1.57) (layer F.SilkS) (width 0.12))
    (fp_circle (center 0 0) (end -0.4445 0) (layer F.Mask) (width 0))
    (fp_circle (center 4.5 0) (end 4.0555 0) (layer F.Mask) (width 0))
    (fp_circle (center 5.75 2.5) (end 5.115 2.5) (layer F.Mask) (width 0))
    (fp_circle (center -1.25 2.5) (end -1.885 2.5) (layer F.Mask) (width 0))
    (fp_circle (center 5.75 2.5) (end 4.607 2.5) (layer B.Mask) (width 0))
    (fp_circle (center 0 0) (end -0.889 0) (layer B.Mask) (width 0))
    (fp_circle (center 4.5 0) (end 3.611 0) (layer B.Mask) (width 0))
    (fp_circle (center -1.25 2.5) (end -2.393 2.5) (layer B.Mask) (width 0))
    (fp_line (start -0.73 4.12) (end -1.62 4.12) (layer F.SilkS) (width 0.12))
    (fp_line (start -0.73 4.12) (end -0.73 3.77) (layer F.SilkS) (width 0.12))
    (fp_line (start -1.62 3.82) (end -1.62 4.12) (layer F.SilkS) (width 0.12))
    (pad "" thru_hole circle (at 5.75 2.5) (size 2.2 2.2) (drill 1.3) (layers *.Cu *.Mask))
    (pad "" thru_hole circle (at -1.25 2.5) (size 2.2 2.2) (drill 1.3) (layers *.Cu *.Mask))
    (pad 2 thru_hole circle (at 4.5 0) (size 1.7 1.7) (drill 1) (layers *.Cu *.Mask)
      (net 15 "Net-(A1-Pad6)"))
    (pad 1 thru_hole circle (at 0 0) (size 1.7 1.7) (drill 1) (layers *.Cu *.Mask)
      (net 10 +5V))
    (model ${KISYS3DMOD}/Button_Switch_THT.3dshapes/SW_Tactile_SKHH_Angled.wrl
      (at (xyz 0 0 0))
      (scale (xyz 1 1 1))
      (rotate (xyz 0 0 0))
    )
  )

  (module Capacitor_SMD:C_0805_2012Metric (layer F.Cu) (tedit 5B36C52B) (tstamp 5BFB6290)
    (at 50.419 62.23)
    (descr "Capacitor SMD 0805 (2012 Metric), square (rectangular) end terminal, IPC_7351 nominal, (Body size source: https://docs.google.com/spreadsheets/d/1BsfQQcO9C6DZCsRaXUlFlo91Tg2WpOkGARC1WS5S8t0/edit?usp=sharing), generated with kicad-footprint-generator")
    (tags capacitor)
    (path /5BFF5D4A)
    (attr smd)
    (fp_text reference C22 (at -3.175 0) (layer F.SilkS)
      (effects (font (size 1 1) (thickness 0.15)))
    )
    (fp_text value 100n (at 0 1.65) (layer F.Fab)
      (effects (font (size 1 1) (thickness 0.15)))
    )
    (fp_line (start -1 0.6) (end -1 -0.6) (layer F.Fab) (width 0.1))
    (fp_line (start -1 -0.6) (end 1 -0.6) (layer F.Fab) (width 0.1))
    (fp_line (start 1 -0.6) (end 1 0.6) (layer F.Fab) (width 0.1))
    (fp_line (start 1 0.6) (end -1 0.6) (layer F.Fab) (width 0.1))
    (fp_line (start -0.258578 -0.71) (end 0.258578 -0.71) (layer F.SilkS) (width 0.12))
    (fp_line (start -0.258578 0.71) (end 0.258578 0.71) (layer F.SilkS) (width 0.12))
    (fp_line (start -1.68 0.95) (end -1.68 -0.95) (layer F.CrtYd) (width 0.05))
    (fp_line (start -1.68 -0.95) (end 1.68 -0.95) (layer F.CrtYd) (width 0.05))
    (fp_line (start 1.68 -0.95) (end 1.68 0.95) (layer F.CrtYd) (width 0.05))
    (fp_line (start 1.68 0.95) (end -1.68 0.95) (layer F.CrtYd) (width 0.05))
    (fp_text user %R (at 0 0) (layer F.Fab)
      (effects (font (size 0.5 0.5) (thickness 0.08)))
    )
    (pad 1 smd roundrect (at -0.9375 0) (size 0.975 1.4) (layers F.Cu F.Paste F.Mask) (roundrect_rratio 0.25)
      (net 24 -12V))
    (pad 2 smd roundrect (at 0.9375 0) (size 0.975 1.4) (layers F.Cu F.Paste F.Mask) (roundrect_rratio 0.25)
      (net 2 GND))
    (model ${KISYS3DMOD}/Capacitor_SMD.3dshapes/C_0805_2012Metric.wrl
      (at (xyz 0 0 0))
      (scale (xyz 1 1 1))
      (rotate (xyz 0 0 0))
    )
  )

  (module Capacitor_SMD:C_0805_2012Metric (layer F.Cu) (tedit 5B36C52B) (tstamp 5BF9FEF4)
    (at 53.975 54.61)
    (descr "Capacitor SMD 0805 (2012 Metric), square (rectangular) end terminal, IPC_7351 nominal, (Body size source: https://docs.google.com/spreadsheets/d/1BsfQQcO9C6DZCsRaXUlFlo91Tg2WpOkGARC1WS5S8t0/edit?usp=sharing), generated with kicad-footprint-generator")
    (tags capacitor)
    (path /5BFF5D65)
    (attr smd)
    (fp_text reference C21 (at 3.175 0) (layer F.SilkS)
      (effects (font (size 1 1) (thickness 0.15)))
    )
    (fp_text value 100n (at 0 1.65) (layer F.Fab)
      (effects (font (size 1 1) (thickness 0.15)))
    )
    (fp_text user %R (at 0 0) (layer F.Fab)
      (effects (font (size 0.5 0.5) (thickness 0.08)))
    )
    (fp_line (start 1.68 0.95) (end -1.68 0.95) (layer F.CrtYd) (width 0.05))
    (fp_line (start 1.68 -0.95) (end 1.68 0.95) (layer F.CrtYd) (width 0.05))
    (fp_line (start -1.68 -0.95) (end 1.68 -0.95) (layer F.CrtYd) (width 0.05))
    (fp_line (start -1.68 0.95) (end -1.68 -0.95) (layer F.CrtYd) (width 0.05))
    (fp_line (start -0.258578 0.71) (end 0.258578 0.71) (layer F.SilkS) (width 0.12))
    (fp_line (start -0.258578 -0.71) (end 0.258578 -0.71) (layer F.SilkS) (width 0.12))
    (fp_line (start 1 0.6) (end -1 0.6) (layer F.Fab) (width 0.1))
    (fp_line (start 1 -0.6) (end 1 0.6) (layer F.Fab) (width 0.1))
    (fp_line (start -1 -0.6) (end 1 -0.6) (layer F.Fab) (width 0.1))
    (fp_line (start -1 0.6) (end -1 -0.6) (layer F.Fab) (width 0.1))
    (pad 2 smd roundrect (at 0.9375 0) (size 0.975 1.4) (layers F.Cu F.Paste F.Mask) (roundrect_rratio 0.25)
      (net 25 +12V))
    (pad 1 smd roundrect (at -0.9375 0) (size 0.975 1.4) (layers F.Cu F.Paste F.Mask) (roundrect_rratio 0.25)
      (net 2 GND))
    (model ${KISYS3DMOD}/Capacitor_SMD.3dshapes/C_0805_2012Metric.wrl
      (at (xyz 0 0 0))
      (scale (xyz 1 1 1))
      (rotate (xyz 0 0 0))
    )
  )

  (module Capacitor_SMD:C_0805_2012Metric (layer F.Cu) (tedit 5B36C52B) (tstamp 5BF9FEE3)
    (at 60.96 71.12 180)
    (descr "Capacitor SMD 0805 (2012 Metric), square (rectangular) end terminal, IPC_7351 nominal, (Body size source: https://docs.google.com/spreadsheets/d/1BsfQQcO9C6DZCsRaXUlFlo91Tg2WpOkGARC1WS5S8t0/edit?usp=sharing), generated with kicad-footprint-generator")
    (tags capacitor)
    (path /5C1986B5)
    (attr smd)
    (fp_text reference C20 (at 0 -3.556 180) (layer F.SilkS)
      (effects (font (size 1 1) (thickness 0.15)))
    )
    (fp_text value 100n (at 0 1.65 180) (layer F.Fab)
      (effects (font (size 1 1) (thickness 0.15)))
    )
    (fp_line (start -1 0.6) (end -1 -0.6) (layer F.Fab) (width 0.1))
    (fp_line (start -1 -0.6) (end 1 -0.6) (layer F.Fab) (width 0.1))
    (fp_line (start 1 -0.6) (end 1 0.6) (layer F.Fab) (width 0.1))
    (fp_line (start 1 0.6) (end -1 0.6) (layer F.Fab) (width 0.1))
    (fp_line (start -0.258578 -0.71) (end 0.258578 -0.71) (layer F.SilkS) (width 0.12))
    (fp_line (start -0.258578 0.71) (end 0.258578 0.71) (layer F.SilkS) (width 0.12))
    (fp_line (start -1.68 0.95) (end -1.68 -0.95) (layer F.CrtYd) (width 0.05))
    (fp_line (start -1.68 -0.95) (end 1.68 -0.95) (layer F.CrtYd) (width 0.05))
    (fp_line (start 1.68 -0.95) (end 1.68 0.95) (layer F.CrtYd) (width 0.05))
    (fp_line (start 1.68 0.95) (end -1.68 0.95) (layer F.CrtYd) (width 0.05))
    (fp_text user %R (at 0 0 180) (layer F.Fab)
      (effects (font (size 0.5 0.5) (thickness 0.08)))
    )
    (pad 1 smd roundrect (at -0.9375 0 180) (size 0.975 1.4) (layers F.Cu F.Paste F.Mask) (roundrect_rratio 0.25)
      (net 54 "Net-(C20-Pad1)"))
    (pad 2 smd roundrect (at 0.9375 0 180) (size 0.975 1.4) (layers F.Cu F.Paste F.Mask) (roundrect_rratio 0.25)
      (net 6 /Buf_input))
    (model ${KISYS3DMOD}/Capacitor_SMD.3dshapes/C_0805_2012Metric.wrl
      (at (xyz 0 0 0))
      (scale (xyz 1 1 1))
      (rotate (xyz 0 0 0))
    )
  )

  (module Capacitor_SMD:C_0805_2012Metric (layer F.Cu) (tedit 5B36C52B) (tstamp 5BF9FED2)
    (at 79.248 71.882 270)
    (descr "Capacitor SMD 0805 (2012 Metric), square (rectangular) end terminal, IPC_7351 nominal, (Body size source: https://docs.google.com/spreadsheets/d/1BsfQQcO9C6DZCsRaXUlFlo91Tg2WpOkGARC1WS5S8t0/edit?usp=sharing), generated with kicad-footprint-generator")
    (tags capacitor)
    (path /5BE11CA6)
    (attr smd)
    (fp_text reference C16 (at 2.54 0) (layer F.SilkS)
      (effects (font (size 1 1) (thickness 0.15)))
    )
    (fp_text value 100n (at 0 1.65 270) (layer F.Fab)
      (effects (font (size 1 1) (thickness 0.15)))
    )
    (fp_text user %R (at 0 0 270) (layer F.Fab)
      (effects (font (size 0.5 0.5) (thickness 0.08)))
    )
    (fp_line (start 1.68 0.95) (end -1.68 0.95) (layer F.CrtYd) (width 0.05))
    (fp_line (start 1.68 -0.95) (end 1.68 0.95) (layer F.CrtYd) (width 0.05))
    (fp_line (start -1.68 -0.95) (end 1.68 -0.95) (layer F.CrtYd) (width 0.05))
    (fp_line (start -1.68 0.95) (end -1.68 -0.95) (layer F.CrtYd) (width 0.05))
    (fp_line (start -0.258578 0.71) (end 0.258578 0.71) (layer F.SilkS) (width 0.12))
    (fp_line (start -0.258578 -0.71) (end 0.258578 -0.71) (layer F.SilkS) (width 0.12))
    (fp_line (start 1 0.6) (end -1 0.6) (layer F.Fab) (width 0.1))
    (fp_line (start 1 -0.6) (end 1 0.6) (layer F.Fab) (width 0.1))
    (fp_line (start -1 -0.6) (end 1 -0.6) (layer F.Fab) (width 0.1))
    (fp_line (start -1 0.6) (end -1 -0.6) (layer F.Fab) (width 0.1))
    (pad 2 smd roundrect (at 0.9375 0 270) (size 0.975 1.4) (layers F.Cu F.Paste F.Mask) (roundrect_rratio 0.25)
      (net 2 GND))
    (pad 1 smd roundrect (at -0.9375 0 270) (size 0.975 1.4) (layers F.Cu F.Paste F.Mask) (roundrect_rratio 0.25)
      (net 24 -12V))
    (model ${KISYS3DMOD}/Capacitor_SMD.3dshapes/C_0805_2012Metric.wrl
      (at (xyz 0 0 0))
      (scale (xyz 1 1 1))
      (rotate (xyz 0 0 0))
    )
  )

  (module Capacitor_SMD:C_0805_2012Metric (layer F.Cu) (tedit 5B36C52B) (tstamp 5BF9FEC1)
    (at 79.248 58.801 270)
    (descr "Capacitor SMD 0805 (2012 Metric), square (rectangular) end terminal, IPC_7351 nominal, (Body size source: https://docs.google.com/spreadsheets/d/1BsfQQcO9C6DZCsRaXUlFlo91Tg2WpOkGARC1WS5S8t0/edit?usp=sharing), generated with kicad-footprint-generator")
    (tags capacitor)
    (path /5BE11C86)
    (attr smd)
    (fp_text reference C15 (at 0 -2.54) (layer F.SilkS)
      (effects (font (size 1 1) (thickness 0.15)))
    )
    (fp_text value 100n (at 0 1.65 270) (layer F.Fab)
      (effects (font (size 1 1) (thickness 0.15)))
    )
    (fp_line (start -1 0.6) (end -1 -0.6) (layer F.Fab) (width 0.1))
    (fp_line (start -1 -0.6) (end 1 -0.6) (layer F.Fab) (width 0.1))
    (fp_line (start 1 -0.6) (end 1 0.6) (layer F.Fab) (width 0.1))
    (fp_line (start 1 0.6) (end -1 0.6) (layer F.Fab) (width 0.1))
    (fp_line (start -0.258578 -0.71) (end 0.258578 -0.71) (layer F.SilkS) (width 0.12))
    (fp_line (start -0.258578 0.71) (end 0.258578 0.71) (layer F.SilkS) (width 0.12))
    (fp_line (start -1.68 0.95) (end -1.68 -0.95) (layer F.CrtYd) (width 0.05))
    (fp_line (start -1.68 -0.95) (end 1.68 -0.95) (layer F.CrtYd) (width 0.05))
    (fp_line (start 1.68 -0.95) (end 1.68 0.95) (layer F.CrtYd) (width 0.05))
    (fp_line (start 1.68 0.95) (end -1.68 0.95) (layer F.CrtYd) (width 0.05))
    (fp_text user %R (at 0 0 270) (layer F.Fab)
      (effects (font (size 0.5 0.5) (thickness 0.08)))
    )
    (pad 1 smd roundrect (at -0.9375 0 270) (size 0.975 1.4) (layers F.Cu F.Paste F.Mask) (roundrect_rratio 0.25)
      (net 2 GND))
    (pad 2 smd roundrect (at 0.9375 0 270) (size 0.975 1.4) (layers F.Cu F.Paste F.Mask) (roundrect_rratio 0.25)
      (net 25 +12V))
    (model ${KISYS3DMOD}/Capacitor_SMD.3dshapes/C_0805_2012Metric.wrl
      (at (xyz 0 0 0))
      (scale (xyz 1 1 1))
      (rotate (xyz 0 0 0))
    )
  )

  (module Capacitor_SMD:C_0805_2012Metric (layer F.Cu) (tedit 5B36C52B) (tstamp 5BF9FEB0)
    (at 56.515 71.755 270)
    (descr "Capacitor SMD 0805 (2012 Metric), square (rectangular) end terminal, IPC_7351 nominal, (Body size source: https://docs.google.com/spreadsheets/d/1BsfQQcO9C6DZCsRaXUlFlo91Tg2WpOkGARC1WS5S8t0/edit?usp=sharing), generated with kicad-footprint-generator")
    (tags capacitor)
    (path /5BDF4164)
    (attr smd)
    (fp_text reference C14 (at 2.413 -0.127) (layer F.SilkS)
      (effects (font (size 1 1) (thickness 0.15)))
    )
    (fp_text value 100n (at 0 1.65 270) (layer F.Fab)
      (effects (font (size 1 1) (thickness 0.15)))
    )
    (fp_text user %R (at 0 0 270) (layer F.Fab)
      (effects (font (size 0.5 0.5) (thickness 0.08)))
    )
    (fp_line (start 1.68 0.95) (end -1.68 0.95) (layer F.CrtYd) (width 0.05))
    (fp_line (start 1.68 -0.95) (end 1.68 0.95) (layer F.CrtYd) (width 0.05))
    (fp_line (start -1.68 -0.95) (end 1.68 -0.95) (layer F.CrtYd) (width 0.05))
    (fp_line (start -1.68 0.95) (end -1.68 -0.95) (layer F.CrtYd) (width 0.05))
    (fp_line (start -0.258578 0.71) (end 0.258578 0.71) (layer F.SilkS) (width 0.12))
    (fp_line (start -0.258578 -0.71) (end 0.258578 -0.71) (layer F.SilkS) (width 0.12))
    (fp_line (start 1 0.6) (end -1 0.6) (layer F.Fab) (width 0.1))
    (fp_line (start 1 -0.6) (end 1 0.6) (layer F.Fab) (width 0.1))
    (fp_line (start -1 -0.6) (end 1 -0.6) (layer F.Fab) (width 0.1))
    (fp_line (start -1 0.6) (end -1 -0.6) (layer F.Fab) (width 0.1))
    (pad 2 smd roundrect (at 0.9375 0 270) (size 0.975 1.4) (layers F.Cu F.Paste F.Mask) (roundrect_rratio 0.25)
      (net 2 GND))
    (pad 1 smd roundrect (at -0.9375 0 270) (size 0.975 1.4) (layers F.Cu F.Paste F.Mask) (roundrect_rratio 0.25)
      (net 24 -12V))
    (model ${KISYS3DMOD}/Capacitor_SMD.3dshapes/C_0805_2012Metric.wrl
      (at (xyz 0 0 0))
      (scale (xyz 1 1 1))
      (rotate (xyz 0 0 0))
    )
  )

  (module Capacitor_SMD:C_0805_2012Metric (layer F.Cu) (tedit 5B36C52B) (tstamp 5BF9FE9F)
    (at 60.96 63.627)
    (descr "Capacitor SMD 0805 (2012 Metric), square (rectangular) end terminal, IPC_7351 nominal, (Body size source: https://docs.google.com/spreadsheets/d/1BsfQQcO9C6DZCsRaXUlFlo91Tg2WpOkGARC1WS5S8t0/edit?usp=sharing), generated with kicad-footprint-generator")
    (tags capacitor)
    (path /5BCC4005)
    (attr smd)
    (fp_text reference C13 (at 0 -1.65) (layer F.SilkS)
      (effects (font (size 1 1) (thickness 0.15)))
    )
    (fp_text value 100n (at 0 1.65) (layer F.Fab)
      (effects (font (size 1 1) (thickness 0.15)))
    )
    (fp_line (start -1 0.6) (end -1 -0.6) (layer F.Fab) (width 0.1))
    (fp_line (start -1 -0.6) (end 1 -0.6) (layer F.Fab) (width 0.1))
    (fp_line (start 1 -0.6) (end 1 0.6) (layer F.Fab) (width 0.1))
    (fp_line (start 1 0.6) (end -1 0.6) (layer F.Fab) (width 0.1))
    (fp_line (start -0.258578 -0.71) (end 0.258578 -0.71) (layer F.SilkS) (width 0.12))
    (fp_line (start -0.258578 0.71) (end 0.258578 0.71) (layer F.SilkS) (width 0.12))
    (fp_line (start -1.68 0.95) (end -1.68 -0.95) (layer F.CrtYd) (width 0.05))
    (fp_line (start -1.68 -0.95) (end 1.68 -0.95) (layer F.CrtYd) (width 0.05))
    (fp_line (start 1.68 -0.95) (end 1.68 0.95) (layer F.CrtYd) (width 0.05))
    (fp_line (start 1.68 0.95) (end -1.68 0.95) (layer F.CrtYd) (width 0.05))
    (fp_text user %R (at 0 0) (layer F.Fab)
      (effects (font (size 0.5 0.5) (thickness 0.08)))
    )
    (pad 1 smd roundrect (at -0.9375 0) (size 0.975 1.4) (layers F.Cu F.Paste F.Mask) (roundrect_rratio 0.25)
      (net 2 GND))
    (pad 2 smd roundrect (at 0.9375 0) (size 0.975 1.4) (layers F.Cu F.Paste F.Mask) (roundrect_rratio 0.25)
      (net 25 +12V))
    (model ${KISYS3DMOD}/Capacitor_SMD.3dshapes/C_0805_2012Metric.wrl
      (at (xyz 0 0 0))
      (scale (xyz 1 1 1))
      (rotate (xyz 0 0 0))
    )
  )

  (module Capacitor_SMD:C_0805_2012Metric (layer F.Cu) (tedit 5B36C52B) (tstamp 5BF9FE8E)
    (at 89.281 71.4225 270)
    (descr "Capacitor SMD 0805 (2012 Metric), square (rectangular) end terminal, IPC_7351 nominal, (Body size source: https://docs.google.com/spreadsheets/d/1BsfQQcO9C6DZCsRaXUlFlo91Tg2WpOkGARC1WS5S8t0/edit?usp=sharing), generated with kicad-footprint-generator")
    (tags capacitor)
    (path /5BCA18B6)
    (attr smd)
    (fp_text reference C12 (at 0.2055 2.413) (layer F.SilkS)
      (effects (font (size 1 1) (thickness 0.15)))
    )
    (fp_text value 1u (at 0 1.65 270) (layer F.Fab)
      (effects (font (size 1 1) (thickness 0.15)))
    )
    (fp_text user %R (at 0 0 270) (layer F.Fab)
      (effects (font (size 0.5 0.5) (thickness 0.08)))
    )
    (fp_line (start 1.68 0.95) (end -1.68 0.95) (layer F.CrtYd) (width 0.05))
    (fp_line (start 1.68 -0.95) (end 1.68 0.95) (layer F.CrtYd) (width 0.05))
    (fp_line (start -1.68 -0.95) (end 1.68 -0.95) (layer F.CrtYd) (width 0.05))
    (fp_line (start -1.68 0.95) (end -1.68 -0.95) (layer F.CrtYd) (width 0.05))
    (fp_line (start -0.258578 0.71) (end 0.258578 0.71) (layer F.SilkS) (width 0.12))
    (fp_line (start -0.258578 -0.71) (end 0.258578 -0.71) (layer F.SilkS) (width 0.12))
    (fp_line (start 1 0.6) (end -1 0.6) (layer F.Fab) (width 0.1))
    (fp_line (start 1 -0.6) (end 1 0.6) (layer F.Fab) (width 0.1))
